1.1020591
0.9996859
-0.79650649
-0.93746548
0.51179897
-2.2611369
0.23216683
-0.62184362
0.66587058
0.0070118021
-0.21299584
-1.9144086
0.22890077
0.72100358
0.42626883
-1.1578821
0.64865104
-0.49875042
0.61538325
-0.054994608
0.83749824
-0.46478917
-1.9944641
0.99957846
-0.67871144
-0.11687163
-1.6687381
-2.3655378
-1.0801938
-1.0120087
-0.73541205
-0.5631036
0.41612978
-0.76797747
-1.0803631
1.0807638
-0.61378572
0.62615478
-1.3787895
1.6630228
0.24416271
1.0880405
-0.42493388
0.26264327
-0.40105727
0.99986004
0.64867638
-0.6873881
-0.17330742
0.99928872
1.1084671
-0.60170981
-2.1766677
0.45224142
-0.0011172257
-0.490033
0.5348278
-0.32964516
0.2772723
-1.2806513
-0.2326503
-0.44197262
0.14123907
0.20589656
0.41591132
-0.20333441
1.0061892
-0.35630162
-1.0284998
0.35606564
0.070914846
0.72829019
1.0186964
0.25511457
1.0049642
-2.169678
1.2044512
0.99956562
-0.65562173
0.99986004
-0.5110433
1.3641716
0.97510792
0.81298237
-1.1524763
0.56628991
0.12015544
0.81122727
0.61997096
-0.29412542
0.89689382
-1.0775678
-0.15294495
0.99929059
1.0034812
-1.3678428
-1.2938895
-0.61371472
0.27470122
1.6400884
0.1827139
-1.7742636
0.088279869
0.64548449
-0.755298
-0.47319523
-1.483703
-0.40659071
0.49476965
-0.34857341
0.71622106
-0.83321743
-0.76889157
0.58709728
0.39827777
-0.40683601
-0.67720979
1.4181055
-0.7696207
-0.24758706
0.48413914
-0.37107274
-0.33846317
0.15501298
-0.42511507
-1.9649679
0.69769525
-0.85045269
0.92461366
-0.87963379
-1.6132069
-0.022741563
0.13147041
0.40059105
0.98895602
-0.61364296
-0.43536429
-0.76151924
-1.6347318
-0.18579368
-0.18860246
-0.92183218
0.27311363
0.99979124
-0.61337521
0.29297794
0.99794449
-0.26886219
0.20603629
1.0125424
1.0125424
-0.21747808
0.57189481
-0.92489333
-0.33877917
0.41376114
0.31065303
-0.37068595
0.035257012
0.7893872
-0.47748056
-2.109759
-0.31660417
-1.4486438
0.62340766
-0.83806072
0.35606564
-0.42494721
1.0004158
-0.70560117
1.6025174
-0.17744113
0.43999344
0.82178503
1.3034312
-0.84820149
-2.4684171
-0.078689761
-0.70536031
-0.20578668
0.66587058
-0.18291271
0.75876141
-0.27731079
1.0922714
0.092400242
0.94942458
-1.0487299
-1.2248547
0.14489264
0.092453129
0.7316843
-1.666738
-0.036786118
0.99952093
-1.1476806
1.0000021
-1.0883321
-0.045948803
-2.1011649
-0.46537305
-0.61281088
0.48771458
0.7193935
-0.14724496
0.81298237
-2.0613299
1.0005318
-0.88801325
-0.29262202
0.97677511
0.16668649
0.69000763
1.1737018
0.95151867
0.4103616
0.010183513
0.87906408
1.034553
0.63841753
-1.9615987
-1.0640919
0.82647585
0.84278403
-0.90719863
0.62791817
0.33994766
-0.73111289
-0.25368483
0.99971243
-0.39040435
0.85738392
-1.5035322
0.66581285
-1.2986003
-0.99958372
-0.85274327
-0.20578668
0.79620303
0.1213172
-0.50639985
0.56583747
0.24332448
0.66587058
-1.752608
0.99957846
0.15686795
1.127661
-0.66080981
0.16273575
0.023139967
-0.0713105
0.84507447
0.99971243
-0.04083621
1.0605215
-0.19485135
1.0005974
0.99952093
-1.4931144
-0.62235313
-0.33376274
0.88707601
-0.53580625
-0.61963277
0.088577735
-2.2029351
-0.38565744
0.46775229
-0.46216555
0.20385231
0.52025849
-1.0696584
0.41249419
0.010752401
0.99952093
-0.13870187
-0.99230511
0.13655863
0.82409869
-1.1620885
-0.66310731
-1.1390948
0.37365734
1.0000021
-1.0099295
0.093796742
-0.6099934
0.29142102
-0.84549375
0.56022611
1.2504098
-0.95559653
-0.76301072
-1.9434171
-1.8794206
-0.54522663
-0.83038524
1.6457777
-0.19676248
-1.3964251
-0.50943741
1.0379964
0.54822268
-0.69954419
0.18884869
1.1505083
-0.29990041
0.68507222
-0.26673398
0.10411679
1.0887341
-0.23697972
-1.4799728
-1.19386
-0.10491303
-2.09647
0.92461366
0.025434808
0.20230757
0.46106374
0.66587058
-0.72832017
-0.6378378
-1.1326385
1.0461338
0.40971713
-1.0360098
-0.0085630425
0.74961864
1.1966915
-1.7259596
-0.99640024
0.91326947
-1.3679308
0.52296961
-0.60012371
-0.52131707
0.25315134
1.0125424
-1.8950962
-0.96939857
0.79852904
0.23016844
-1.3451245
1.4063679
0.34019886
1.0247271
1.102856
-0.12405393
1.1216789
0.46448148
-0.1772649
-1.3413139
0.64281761
0.092231725
0.74129419
0.5469555
-0.18226635
1.0915968
2.2097239
0.63648037
0.71831352
-1.4892806
-0.59311353
1.3168011
0.60875464
0.35606564
1.1347139
0.92461366
1.1687707
-2.5668011
0.25856549
-0.93564066
0.58655511
0.46375115
0.50011669
-1.3279146
0.46585205
-0.91940028
0.58655511
-2.2396251
-0.3414104
-0.05152401
-1.7365102
-0.47529227
1.0005318
-0.10212369
-1.3903927
-1.5961545
1.3868993
-0.45951529
-0.76426206
0.84001695
0.022777214
-1.1794749
0.94560872
0.33714115
-0.67103336
1.0001041
0.23216683
0.54822268
0.92461366
0.83385911
0.040669124
-0.28789963
0.56830039
0.30074917
-0.93416666
0.062282699
0.1782741
-0.13434508
-0.77769907
0.34545171
-0.80797743
0.92371563
-1.2404306
-0.40876385
0.44972782
1.0125424
0.047135519
0.93579284
1.4078434
1.1890317
-0.97240795
-2.2066468
-1.1826143
0.35700443
0.71831352
-1.0284998
-1.1406462
0.66989848
0.96645317
-0.43569596
-0.39512677
0.60920295
-0.10575432
0.84155541
-1.5701497
0.32244501
0.27440572
-1.3191262
-2.022996
0.99928691
-1.1256253
0.1827139
0.8167315
-0.55413165
0.16172793
-0.30932899
-0.462604
0.84483418
1.4386822
-1.182252
-1.2394746
-0.53204151
-0.88385537
-1.0997658
1.2894835
0.10405569
1.0125424
-1.3028522
-0.44875716
0.41028233
0.27513456
-0.44704065
-0.96004996
-0.084000788
-0.12954687
-1.0398476
0.61301889
0.85813343
-0.52205597
-1.1073836
0.86432782
0.31111399
1.7952051
1.0003804
-1.5316584
-3.1063812
0.067051597
0.10411679
0.5128001
-0.016112713
0.065839428
-1.3230626
0.68330571
-0.61485467
0.43196708
0.5880116
-0.94931562
0.76301325
-0.049050591
0.16470672
-0.14835599
0.22260116
1.3955127
0.26632377
1.3434023
0.72496982
-3.9287983e-05
0.69769525
1.0855804
-0.09647437
-1.3560267
-0.67866166
-0.045667807
1.0807638
0.80628894
0.92732311
-0.39375438
1.2073536
1.0807638
0.68449559
-0.39452928
1.0125424
0.83244748
-1.053623
0.35606564
0.79937429
0.92461366
-0.02146752
-1.2275907
0.86342476
-0.96635846
0.41922636
-0.78625468
-0.78350676
0.013564628
-0.66222069
-0.51476658
0.51165255
0.61189456
-1.6539763
1.0004543
0.45448636
-0.2973217
1.0000021
-0.60863992
-0.75349695
-0.92891091
-0.070595737
-1.073596
-1.2349897
-1.304431
0.4532369
0.86240107
0.5880116
0.095114079
-0.1638092
0.74617332
-0.43133811
-0.77415253
-0.23802161
-1.4251157
-0.098608698
-1.0008005
0.22173322
0.30506927
-0.74987304
-1.5334733
0.51803562
-0.67414644
0.23135905
0.53567347
0.48127815
-1.3890062
-0.055567118
0.67015286
0.41086415
0.46422015
-0.56430044
0.81559788
0.4157434
0.90808432
0.6056046
-1.4014835
0.44778125
-0.18653659
0.65205934
-0.054331004
-1.0006738
1.0003804
-1.3072426
0.098604635
0.41249419
0.20915566
-1.3513445
0.075699602
0.092307
-1.3822975
1.0229151
-0.073937804
0.5026685
0.26845539
-0.45982062
0.87031976
-0.77408061
-0.45038743
-1.252177
-0.82447765
1.1936897
0.33627267
0.51787279
1.4122766
-1.0005993
-0.021523674
-0.94778174
0.99986004
-1.6833597
-0.94198356
0.99986004
0.23216683
-0.80167997
0.33891359
-0.74558408
1.2618947
-0.84459556
-0.87497718
-0.43660571
-0.23983499
0.46689497
0.91360083
-0.1431736
0.64548449
0.82266195
0.98446313
0.58507032
1.659633
-0.21784989
-1.561133
0.045877765
1.0725506
0.27845933
1.3763089
0.25315134
-0.22170155
-0.84371727
0.33664131
-0.03842843
-0.04376841
1.5122239
0.54822268
0.9113888
-1.1644432
-0.9999645
-1.3812387
-1.0810492
0.407029
1.1347344
-0.23070855
-0.1130532
0.66559563
-1.0760075
-1.569099
-1.6710639
-0.80367032
0.093796742
0.8501109
-0.1760712
-0.33249278
1.0003804
-0.51802959
0.99971243
-1.3589346
-0.61264823
0.35606564
1.0461623
0.28363703
-0.54015762
0.56545102
0.81596706
1.4278586
0.7083981
0.040465398
0.16049362
0.76781548
-1.3071856
-0.12183219
-1.5444685
0.34341415
0.66588709
-0.31647155
0.93235163
1.1961217
-0.47092938
0.36622471
0.49476965
0.35606564
-1.4163663
0.17890199
-0.69707858
0.11477396
-1.4406606
1.3231862
0.60381963
0.91415386
-0.79064993
-0.088649723
0.66232883
2.2853787
0.30766542
-0.14201765
0.19525481
0.89935746
0.5102193
0.74970032
0.34114481
-0.59277929
0.56795094
-0.045948803
0.71824271
-0.066180353
0.94560872
0.092217581
-0.54888877
0.48331655
-1.3992588
0.49476965
1.0253466
0.99971243
0.98659414
0.99928872
0.3829968
-2.5097242
-0.46324505
-1.1823365
1.3682902
1.0744213
-1.7505049
0.20167948
-0.028110576
-0.14659268
1.5639099
0.43209626
0.20589656
-0.8854925
0.46008821
0.53870822
0.82707067
0.19826031
-0.11185921
-0.38203432
1.275628
-0.20615014
-0.091390301
0.33480668
-0.66102626
-2.7427363
-0.99317964
1.0192165
-0.2224946
-1.2627325
-0.17971033
0.087765754
-0.32505488
-1.8010801
-1.4877977
0.12437267
-1.1988371
-1.0006738
-0.51570013
-0.69954419
-0.93281723
-0.61673684
0.037533852
0.81760028
0.20849707
1.0007237
1.2982514
-0.51664042
-0.6444941
0.33748197
-1.6519892
0.23566885
0.10361775
-0.32884668
-1.4245061
-1.0004563
-0.94924594
-1.2521377
-0.50943741
0.079228895
0.46766505
0.80233429
-1.3071856
-1.4179633
-0.70980534
0.75477379
0.35606564
-2.2081042
0.53544086
-1.5063281
0.61538325
1.1365019
0.30517638
0.9153625
-0.56598793
1.227546
-0.94505192
0.81298237
-1.3071856
-0.34250269
-0.23531526
0.33748197
-1.6734772
0.27917213
0.22500273
0.77914269
0.49188739
-0.45779381
-0.43883189
1.2464585
-1.0006445
-0.6847792
-1.000492
1.0003804
0.77972478
0.1583109
0.99931194
-1.0755774
0.35980338
0.59563321
0.57443163
-0.31517499
-0.21207856
1.0125424
1.0880405
0.63636602
-1.1210867
-1.1076404
0.20603629
-0.92574199
1.0125424
-1.0546747
0.66214692
-0.23070855
-1.8092363
-0.55991461
0.19725467
-0.29441985
-1.0338609
-1.021951
0.8420488
-1.2406174
-1.569099
0.034836475
0.39455673
0.99928872
-0.075206118
-0.11595713
-0.60752565
0.41922636
0.7372565
-1.4095416
0.38875866
2.0056821
-0.37666088
0.47435776
-0.94612356
-1.0129465
-1.5948003
-0.65552704
-1.0419839
-0.24090252
0.33056251
0.52005723
-0.64523908
0.25227951
-2.5046163
-0.16394897
-0.18860246
0.16668649
1.1966915
0.25315134
1.1447259
-0.5110433
-0.66310731
-0.24932616
0.12354226
-0.015677923
-0.37908871
0.99979124
-1.1415399
-1.538738
-1.1560551
0.46513458
-0.4311948
0.55203935
-0.60429674
-0.70560117
-0.9997804
1.1914923
-1.9606812
0.027873969
-0.89008834
0.61538325
0.30394627
-0.61819592
1.0005079
-0.29148642
0.11290082
0.12978146
-0.9004631
0.59321721
0.76683553
0.60632348
0.39455673
-0.063209681
-0.082524678
0.85209119
-2.1714553
0.84397839
-0.26825707
-1.8386091
-0.63135924
0.92461366
0.45619591
0.81340583
-1.3807657
-0.44309197
0.53432642
0.47689229
0.69167999
-0.3990282
-0.97551573
-0.90136383
-0.12717711
-0.64949053
1.3168011
0.43637116
-0.46361315
-1.435178
-1.2875818
-1.2312141
1.0000191
0.67135055
0.30985699
-1.4406606
-0.43216806
-0.2145284
0.35606564
1.0588167
-0.96444006
-2.3510173
0.24394566
-0.63306244
0.22361299
0.15720174
-1.0542665
0.6125307
0.61430761
0.7608654
0.50371647
-0.56998815
-0.35630162
-1.0959371
1.024833
0.35533179
-1.1936974
-0.44139313
1.2361076
-0.61887164
0.99956562
0.4186398
-0.38629706
-1.937136
-0.27955698
-0.48639844
-0.8246626
-0.58727568
1.6138403
-0.17895728
-2.6599526
0.51396768
1.4165678
0.22827732
-0.60672402
0.73677441
1.0002102
0.42158367
0.21796603
1.1193979
0.56166402
1.0880405
0.71115867
0.038557456
-1.0739038
0.66587058
-0.69462913
-0.23832381
0.73552415
0.17678473
-0.22824223
-0.19676248
-0.44511101
-0.6254744
0.23853497
1.137126
0.98005253
0.49412756
0.80064562
0.29591695
-0.36063633
0.72604063
0.067734235
0.38604677
0.57045303
-1.5787547
0.99957846
-1.0898923
-0.011726051
0.83572054
0.73565267
0.71646243
0.99973304
-0.95559653
0.90910498
-0.87337708
0.45570657
-1.4695891
-0.5027778
-0.30548023
-0.0031709394
0.48680282
-0.99640024
-0.605664
-2.3075699
-0.96284191
0.52793978
0.76584173
-1.7466139
-0.32713254
0.012596611
-0.034213769
-0.31613864
0.91773143
-0.28434137
-1.2504572
0.17679965
0.68398872
-1.4566179
-0.35310688
-0.94574541
-1.1068538
-2.2081042
0.80233429
0.79852904
-0.87101834
0.14532246
-1.2381175
1.0102108
-1.8776334
0.43249473
-0.45072544
1.2346529
0.74894221
1.1176171
-0.73487324
-0.45779381
0.20603629
1.2665418
-1.0402718
-0.40192833
0.82124479
-0.9997804
-0.29495081
-0.97956839
0.18226155
-0.015953985
-0.072949617
-1.1874764
-0.23712674
0.99952093
0.64158472
-1.1366917
1.5839677
0.065908431
-0.15110032
-0.12067428
-1.2384925
-1.7630874
-0.43303173
0.48088821
0.66587058
0.52909508
0.32301065
1.5410938
-1.2925869
-1.6447504
-0.94127164
-0.80615341
-0.2290159
0.17161645
0.86259928
-1.0764641
1.0807638
0.99956562
0.8143977
0.41812942
1.390867
0.60033655
-0.97816961
0.30812608
0.99973304
-0.32543428
-1.2483322
-0.32675502
-1.8929496
-0.74155824
0.040669124
-0.14806429
-1.1623102
-0.59840958
1.1982336
0.99973304
0.027334168
-1.2569416
-0.84371727
0.43398802
0.17590572
-0.92502962
1.3267331
0.24528484
-0.82757331
0.49188739
-0.81259956
0.59799345
0.39348553
-2.3410723
0.030570746
0.56981886
-1.8602488
-0.46524485
0.093045485
1.2879822
0.73961667
0.92027725
-0.61452059
0.92461366
0.022157336
0.44019241
0.4720514
0.63636602
0.95905187
1.2623666
0.99928872
0.30625955
-1.0673444
0.12118535
0.1005734
-1.8512154
1.0000021
0.49199662
1.1224829
-0.54038997
0.73065711
0.99927584
-1.1054456
0.34236999
0.35606564
-0.99944955
-0.49622612
0.58455253
1.0000111
0.69755643
-0.18782822
1.4080287
0.83037154
0.59321721
1.0125424
-0.47319523
-1.3261533
1.3275404
-0.25326889
0.039896597
-0.75543015
-1.5553242
0.69165349
0.5078287
-0.032578726
1.0274138
-0.86449125
-1.1373097
-0.96116131
1.0125424
0.38248015
-1.7791541
0.25085618
0.91647518
0.10520461
0.69165349
-0.043619903
0.54822268
0.20978311
0.49476965
-1.1693825
-0.043637781
-0.44511101
-1.263671
0.5159779
-0.47690187
-1.1401038
-1.6063446
1.4181055
-1.8176463
1.0125424
-0.16403647
-0.89353087
0.88744478
-0.2684028
-0.062538135
1.066045
0.99928872
0.51165255
0.66587058
0.18698349
-0.94773668
0.60053908
0.53445616
-1.7462938
0.53830735
0.8143977
-0.29237999
0.99952093
0.0047196302
1.1344014
0.76616238
1.7688733
0.54822268
0.96645317
0.41543911
0.11270281
-1.4175349
1.1422061
-0.21714875
-1.2957657
1.8377242
0.42060477
-0.010830346
0.92550502
1.0142511
0.21015253
0.99219151
-0.14756863
-1.053961
-1.2102608
0.13026188
-1.2644817
1.0210327
-0.54888877
-1.1513043
0.34905734
-0.86629532
-0.063562624
0.99779038
0.4200781
-0.35851216
-1.0002795
1.059677
1.062745
0.86150348
0.47424213
0.69699825
0.14709289
-1.5035729
1.0689299
0.66587058
-0.53929221
-0.52558382
1.4847404
1.1096303
0.014324142
-0.32273584
1.0008914
-2.2950674
1.1602178
-0.31091854
0.8143977
-1.6037443
0.054644862
0.53253965
-0.60735883
-0.77969448
0.060972641
0.97973221
1.0880405
0.82409869
0.99928872
-0.99381252
-1.6633407
-1.1879389
-0.85618923
0.91360083
0.26912079
0.83693607
1.044602
0.61436297
0.52958052
-0.21392669
0.62637782
-1.1524763
-0.75792941
-1.4058169
1.0234777
-0.98102931
-1.282337
-1.2589271
-0.64857593
-0.48980822
0.87816637
-1.730975
1.0274119
0.43115863
-1.0562672
-0.84596824
-1.3644717
-1.9938926
-2.0435487
-0.6931404
-0.83401683
0.99942451
-0.87162329
0.75285558
-0.42371259
1.0994004
-1.6685952
-0.85597115
-1.2188141
-1.0179715
0.20248158
-0.2260567
0.99952093
1.0757095
-1.4861215
0.130265
0.14170701
-0.48092903
-0.071861592
-1.2230066
0.56319733
0.22401141
0.50317662
-0.23802161
-2.0753712
0.54111574
-0.26915913
0.16325818
0.092631292
1.0340269
-0.70020476
-0.42174508
1.1567545
0.80409114
0.24416271
0.84940798
-0.35411
0.92461366
-1.107718
-1.3151529
-1.6938538
-0.15439098
0.4062853
-1.5235112
-0.78506266
-1.1561249
0.97957902
0.99952093
0.8143977
-0.42371259
-1.4535814
0.13733351
-0.18860246
1.1980372
0.35646126
0.66587058
-0.28831829
-0.42967175
-0.45108567
-0.027124266
0.26291437
-0.81080648
-0.10417825
-1.5590613
-1.0002131
0.92001104
0.65115934
0.5351452
-1.2432749
-0.35987546
-0.42047268
1.0375749
0.1584884
0.4410425
0.64323208
-0.01454751
1.0092681
-0.37993817
0.47690178
-1.1941076
0.61538325
-1.8476141
-1.7172801
-1.0016676
0.66214692
-0.38932858
-0.81660493
-0.64796071
-1.0002871
-0.84815858
0.062904106
1.0393202
-1.7853796
1.41803
-0.44227895
0.25644431
0.13178061
-0.041438845
-2.395371
0.99928872
1.4291974
-0.11572309
-0.36900995
1.2003359
0.78025872
-0.84371727
1.0125424
-0.45334277
-1.8444629
-0.99380508
-1.4344316
-1.2253177
0.35606564
-0.47392487
-0.32247565
0.88679828
0.81195758
-0.1626407
-0.67261516
-0.62290275
1.5284737
0.71733152
-1.8413164
1.0694359
-0.30460001
0.76658274
-0.80002868
0.51057439
0.35421218
-0.33846317
-1.2829956
0.62071682
0.11237838
0.045983364
-0.2118633
1.4338805
-1.0439742
1.1737018
-0.83038524
-0.67557305
-1.0844579
0.57166539
-0.082704453
0.90597958
-1.142117
0.42511099
-0.35148436
-2.3034628
-0.4972779
-0.048176257
0.010138147
-0.84895315
-1.7684999
1.2290731
-0.77345895
0.75097704
-0.48732022
0.98734189
-0.33567868
-0.61802617
0.11270281
-0.78020142
-0.074478823
-0.56998815
1.1898706
0.62838521
0.84930176
1.0210327
-0.41130846
-0.66882131
0.58056214
0.51189525
-0.47092938
-0.6519064
-0.77848951
-1.3231191
-0.48600372
-0.92060998
0.066273337
-2.1260078
0.61701951
-0.26261616
-0.10960686
1.3093765
-0.48423089
-0.66281125
-1.0004189
0.99986004
0.9955089
0.48038234
-1.4800267
0.6736118
-0.9839665
0.43237567
-0.1656877
0.91387594
-0.4005479
0.45224142
-1.4465205
0.78293724
0.43493315
1.3994994
-0.65051826
0.99952093
-0.22951464
-0.83468783
-1.2521377
-2.1838262
0.77894934
0.15686795
-0.28798678
-0.50128558
-0.40019289
-1.3245375
1.0125424
0.13994332
0.68537559
-0.66906768
-0.46537305
-2.0024798
0.99986004
-0.068657712
1.2708625
-0.82342424
-1.9635786
1.8876186
0.081765287
-0.71323896
0.23377222
0.73598988
0.64323208
0.63581079
1.4386822
-0.377491
0.45164481
0.31286427
-0.23983499
-0.084000788
-0.086743477
-1.2689471
-0.074927203
0.26683559
-0.81497824
-1.594515
-1.0976022
-0.85804355
-0.36517112
0.59563321
-0.61452059
0.91100941
-0.36900995
-1.0072752
1.535582
0.99936235
0.37449442
1.723107
0.30526005
0.52793978
0.34028591
-1.1136469
-0.38992976
-1.4997913
0.44195222
-0.043431509
-0.96999258
-0.31030637
0.81926163
-1.3306061
0.28005826
-0.31525622
0.88505482
1.102856
-0.51998359
0.84556163
0.62818457
0.083625607
1.0000794
0.35606564
-0.62452284
0.061945083
-0.5519946
0.22655562
-0.66936047
-0.10613028
0.8143977
-0.29747834
0.50921016
0.57443163
-0.84371727
1.2003359
-1.1783485
1.1972983
1.390867
-0.92728109
0.11245467
0.7649754
0.1192504
0.71493158
-1.1633653
-0.30932899
0.36235005
0.9996859
0.41656412
1.2290731
1.1312825
-1.260303
0.21237825
-1.1874143
0.68172774
-0.062538135
0.99986004
0.85813343
1.0538592
-0.99949437
-0.95138667
-1.0211975
0.11240171
0.33514483
0.94560872
1.1262638
1.2539147
-0.74912604
-0.76908618
-1.21665
0.25502075
0.23621884
0.99927217
-1.2660345
0.95586506
-1.1524763
0.10148003
0.14083928
-0.084768239
-0.4656942
-0.905736
-0.52384572
1.010805
-1.1125159
-0.2427718
-0.67346558
-0.99987611
-0.29791623
-0.44197262
-0.55349544
-0.39571935
-1.2439671
0.11270281
0.59287066
1.0000021
-0.40300213
0.56917985
-0.95559653
1.4266495
-0.93056557
-0.29125092
-0.66174735
1.0005383
-0.22407029
0.13026188
0.21804988
0.64802088
-0.47529227
-0.092740555
0.48796457
0.63648037
0.67144559
0.98038011
0.1662283
0.64323208
0.10200745
0.99952093
-0.66051599
-0.67223345
-0.62003105
0.45368534
1.4100786
-0.99980314
0.64548449
0.53432642
1.1447259
-0.51405817
-0.93646885
-0.18809437
-0.64523908
-1.7421032
-1.0118762
-1.0943486
-1.0965941
0.7201702
0.68167301
0.94560872
0.74119432
0.30268522
0.99986004
1.0472166
-0.1172256
-0.1771401
-1.9664321
-0.88686367
-0.53573747
-0.68695132
-1.7146186
-0.18693388
0.89413105
0.84557139
-1.0234081
-0.69828028
-0.83072423
0.66903633
-0.03697054
-0.28434137
0.027652996
-0.15818986
-1.4605909
0.12590441
-0.87463957
0.68653298
-0.6962875
-2.057393
-0.85185978
-0.63597113
-0.5062866
-0.42371259
1.0704487
-1.3822592
-1.2043854
-0.90101084
0.27201414
-2.1352247
-0.029414027
0.66888908
-0.78039131
-0.21818066
0.74348462
-0.43162469
-0.97603895
0.90708633
0.13610475
1.0807638
1.3763399
1.0125424
-1.490728
-1.193296
0.91360083
1.3308267
0.44999808
0.41612978
1.0005974
1.0807857
0.77761315
0.54489275
0.024118491
-0.5110433
0.99986004
0.96645317
-1.0129273
1.0125424
0.87647971
-1.125325
1.4463434
-1.1626643
1.1085348
1.0807615
-0.97755384
0.53432642
-0.33250085
-0.4594468
0.71159546
-0.4216038
0.87066372
-0.1130532
-2.0586654
-1.0297246
-1.3672464
-1.0038454
0.23809836
-0.68234191
0.10374097
0.061103813
-0.95559653
0.25635134
-1.283958
-0.62290275
0.99973304
-0.93151253
1.3319002
-0.6023071
1.112348
-0.65775699
0.72360741
0.19714715
0.80511739
0.17521559
-0.89693022
-1.6132254
-0.07590638
-1.6572907
-0.63729305
0.072744379
0.59378789
0.036547266
0.13026188
1.5340512
-0.05141433
-1.3385497
-1.0006738
0.7464856
0.88985467
-0.30522397
1.0266617
1.1577229
0.41983328
-0.24042979
1.9414502
1.256843
-0.41404375
0.54822268
-1.7089767
-0.057628431
-0.35467358
-0.46613183
-0.99944586
0.82647585
-0.347819
0.45448636
0.41086415
0.52025849
0.32325098
-1.7462938
0.13844922
-0.43216806
-0.35411
-1.4391284
1.0125424
0.71259079
0.50295292
1.0138862
1.1127567
1.0274119
1.0823488
0.66502253
0.92461366
-0.22319638
0.99986004
0.99942451
-0.79089857
0.37271085
0.22757398
1.3168011
0.65011482
0.28452337
-0.56537865
-0.74907808
-0.1852252
-0.43739795
0.99989295
-1.5465431
-0.62508248
-0.81332747
0.01687785
0.97575403
-0.35936707
0.92461366
0.33423137
-1.3614338
-1.6596306
-0.4547829
0.25663115
-0.95108259
-0.06717609
0.14548833
0.71537525
0.79542193
-0.28794524
0.11270281
-0.21186318
-1.1363157
-0.67593949
-1.2736548
0.99986004
-1.7361378
0.99931194
-0.10899115
-0.30721715
-1.2957657
-0.38796389
0.85813343
-1.2292152
0.52793978
0.61997096
-1.3071856
-0.4276232
-0.39217801
1.1059555
0.85796229
-0.57371669
0.71622106
0.64281761
-1.3071856
1.0171524
-0.53946335
-1.3571151
0.45871879
-0.40651707
0.095787437
-0.1760712
0.60381963
-1.2188141
0.0837267
-1.0844579
-1.0990922
-1.1270704
1.1399736
-1.1956282
-0.56094815
-0.84371727
0.99986004
0.99986004
-0.18359752
-1.2137732
-1.0006738
-1.5961545
-1.7213162
0.94354293
0.75569175
-1.4293706
0.69772674
-1.5822886
0.042240583
1.3216174
0.18296636
0.099928592
0.86691979
-0.24090582
0.67669278
-1.4584195
0.47294634
0.62695972
-0.9758167
-0.99590848
0.3313007
-0.62635998
-0.42493388
-1.8967751
0.077003321
-0.0073406449
0.59563321
-0.5110433
0.99936235
-0.61836023
0.87819665
-1.2653641
0.59511362
-0.6598234
0.64548449
-1.4002219
0.4532369
-0.43868041
-0.25115473
-0.54550605
-0.10229414
-0.13895871
-1.7269531
-0.36998533
0.10411679
0.35606564
0.41592099
0.84483418
-0.59840958
-0.33415212
-1.4866287
0.029431543
1.0006454
-0.51403356
-0.32030183
0.83693607
-0.15054571
0.92157405
-1.3555084
0.69845617
