1 37
2 33
3 46
4 38
5 33
6 31
7 30
8 52
9 43
10 39
11 54
12 54
13 33
14 47
15 49
16 29
17 27
18 37
19 16
20 38
21 11
22 4
23 11
24 6
25 23
26 27
27 43
28 28
29 37
30 33
31 26
32 41
33 33
34 22
35 28
36 30
37 37
38 29
39 32
40 39
41 32
42 23
43 30
44 34
45 21
46 15
47 21
48 24
49 31
50 27
51 38
52 24
53 38
54 36
55 25
56 40
57 25
58 31
59 37
60 28
61 35
62 40
63 44
64 31
65 26
66 29
67 37
68 26
69 20
70 21
71 8
72 21
73 34
74 27
75 41
76 34
77 17
78 40
79 31
80 21
81 26
82 27
83 41
84 26
85 26
86 25
87 43
88 29
89 36
90 24
91 31
92 24
93 22
94 14
95 23
96 12
97 35
98 25
99 23
100 27
101 23
102 39
103 28
104 33
105 25
106 31
107 33
108 30
109 21
110 23
111 40
112 39
113 30
114 29
115 39
116 22
117 30
118 13
119 20
120 9
121 6
122 19
123 22
124 10
125 25
126 22
127 19
128 17
129 11
130 19
131 8
132 24
133 12
134 12
135 21
136 15
137 24
138 17
139 19
140 15
141 13
142 18
143 19
144 11
145 18
146 12
147 21
148 21
149 13
150 22
151 20
152 18
153 9
154 16
155 11
156 8
157 15
158 6
159 11
160 13
161 24
162 15
163 25
164 11
165 13
166 2
167 10
168 20
169 18
170 12
171 19
172 10
173 10
174 10
175 8
176 8
177 11
178 8
179 16
180 23
181 13
182 19
183 18
184 9
185 22
186 23
187 17
188 16
189 21
190 27
191 21
192 23
193 21
194 13
195 9
196 8
197 18
198 13
199 25
200 6
201 9
202 26
203 20
204 23
205 19
206 25
207 24
208 25
209 10
210 21
211 18
212 16
213 20
214 13
215 28
216 15
217 27
218 27
219 20
220 25
221 12
222 14
223 15
224 16
225 6
226 5
227 6
228 11
229 7
230 22
231 23
232 15
233 16
234 11
235 11
236 16
237 21
238 11
239 18
240 12
241 16
242 10
243 24
244 18
245 20
246 11
247 22
248 19
249 20
250 26
251 19
252 26
253 13
254 21
255 17
256 3
257 16
258 22
259 10
260 23
261 5
262 6
263 3
264 10
265 7
266 5
267 11
268 24
269 7
270 14
271 15
272 20
273 13
274 17
275 17
276 8
277 14
278 11
279 8
280 14
281 14
282 11
283 12
284 19
285 14
286 8
287 25
288 16
289 19
290 13
291 11
292 12
293 20
294 29
295 15
296 7
297 10
298 18
299 13
300 14
301 15
302 24
303 20
304 15
305 14
306 14
307 13
308 18
309 21
310 17
311 23
312 20
313 18
314 20
315 10
316 11
317 20
318 19
319 11
320 19
321 20
322 19
323 22
324 13
325 14
326 17
327 12
328 17
329 17
330 16
331 17
332 8
333 12
334 11
335 25
336 19
337 14
338 12
339 17
340 17
341 23
342 13
343 20
344 19
345 20
346 25
347 14
348 15
349 26
350 18
351 20
352 10
353 25
354 24
355 15
356 14
357 27
358 22
359 5
360 15
361 21
362 17
363 20
364 9
365 25
366 21
367 11
368 15
369 25
370 11
371 12
372 13
373 19
374 14
375 17
376 16
377 25
378 25
379 14
380 33
381 17
382 20
383 21
384 24
385 19
386 17
387 17
388 10
389 16
390 11
391 11
392 17
393 16
394 18
395 20
396 17
397 26
398 10
399 18
400 15
401 15
402 20
403 18
404 26
405 29
406 24
407 28
408 15
409 20
410 29
411 17
412 10
413 13
414 18
415 3
416 7
417 17
418 24
419 20
420 11
421 18
422 11
423 19
424 21
425 10
426 8
427 17
428 14
429 22
430 14
431 10
432 26
433 21
434 15
435 17
436 27
437 17
438 11
439 10
440 28
441 23
442 17
443 9
444 11
445 16
446 14
447 15
448 17
449 25
450 22
451 19
452 12
453 23
454 13
455 17
456 21
457 13
458 2
459 4
460 10
461 9
462 6
463 7
464 6
465 5
466 25
467 19
468 21
469 9
470 19
471 19
472 15
473 20
474 10
475 20
476 14
477 16
478 15
479 14
480 10
481 16
482 14
483 18
484 16
485 6
486 11
487 8
488 22
489 6
490 19
491 22
492 9
493 11
494 13
495 14
496 25
497 13
498 22
499 18
500 13
501 9
502 7
503 13
504 18
505 20
506 9
507 14
508 19
509 16
510 9
511 11
512 10
513 24
514 19
515 34
516 18
517 19
518 29
519 43
520 44
521 31
522 34
523 35
524 25
525 29
526 43
527 49
528 16
529 20
530 9
531 25
532 11
533 36
534 18
535 31
536 27
537 17
538 21
539 18
540 33
541 25
542 23
543 42
544 42
545 17
546 39
547 34
548 17
549 16
550 19
551 26
552 20
553 20
554 25
555 41
556 33
557 18
558 33
559 33
560 30
561 23
562 11
563 20
564 25
565 15
566 48
567 29
568 41
569 38
570 47
571 49
572 36
573 55
574 39
575 27
576 32
577 40
578 27
579 30
580 52
581 24
582 45
583 36
584 49
585 20
586 30
587 18
588 48
589 28
590 36
591 8
592 10
593 21
594 27
595 33
596 11
597 49
598 52
599 31
600 53
601 44
602 40
603 42
604 38
605 43
606 29
607 29
608 30
609 27
610 37
611 21
612 37
613 35
614 37
615 40
616 36
617 30
618 20
619 46
620 18
621 26
622 27
623 18
624 49
625 42
626 31
627 12
628 34
629 52
630 26
631 48
632 29
633 2
634 4
635 29
636 64
637 22
638 52
639 9
640 20
641 48
642 41
643 43
644 47
645 39
646 46
647 46
648 44
649 50
650 51
651 46
652 31
653 34
654 18
655 20
656 31
657 38
658 33
659 37
660 48
661 42
662 40
663 48
664 62
665 19
666 48
667 39
668 13
669 16
670 18
671 31
672 28
673 36
674 42
675 38
676 36
677 23
678 20
679 39
680 34
681 20
682 24
683 46
684 49
685 44
686 49
687 26
688 51
689 55
690 37
691 44
692 35
693 56
694 42
695 45
696 49
697 46
698 37
699 41
700 38
701 64
702 32
703 21
704 14
705 24
706 32
707 12
708 24
709 40
710 41
711 15
712 33
713 18
714 27
715 30
716 33
717 44
718 17
719 22
720 17
721 40
722 33
723 12
724 17
725 32
726 30
727 20
728 14
729 29
730 25
731 40
732 43
733 28
734 38
735 43
736 38
737 51
738 42
739 16
740 42
741 19
742 45
743 38
744 45
745 12
746 48
747 41
748 12
749 40
750 18
751 22
752 7
753 49
754 41
755 49
756 54
757 55
758 24
759 14
760 8
761 20
762 2
763 40
764 55
765 45
766 3
767 37
768 14
769 44
770 39
771 20
772 19
773 38
774 25
775 15
776 14
777 48
778 37
779 33
780 45
781 47
782 53
783 45
784 34
785 41
786 50
787 31
788 25
789 47
790 54
791 50
792 52
793 38
794 21
795 55
796 50
797 43
798 45
799 43
800 46
801 44
802 53
803 49
804 46
805 44
806 50
807 22
808 53
809 46
810 61
811 38
812 17
813 44
814 17
815 38
816 19
817 14
818 40
819 65
820 55
821 45
822 50
823 44
824 52
825 27
826 40
827 39
828 43
829 40
830 56
831 44
832 33
833 14
834 27
835 8
836 43
837 30
838 19
839 25
840 43
841 34
842 15
843 36
844 25
845 33
846 39
847 14
848 24
849 45
850 17
851 18
852 54
853 13
854 28
855 26
856 38
857 3
858 13
859 13
860 24
861 19
862 30
863 36
864 43
865 35
866 26
867 44
868 20
869 31
870 51
871 31
872 51
873 28
874 29
875 17
876 38
877 43
878 33
879 23
880 45
881 20
882 60
883 48
884 39
885 48
886 26
887 63
888 39
889 50
890 54
891 29
892 8
893 37
894 22
895 16
896 7
897 37
898 25
899 27
900 10
901 14
902 10
903 10
904 18
905 14
906 24
907 48
908 40
909 43
910 33
911 48
912 43
913 45
914 44
915 41
916 44
917 52
918 34
919 52
920 49
921 40
922 51
923 40
924 54
925 31
926 9
927 18
928 33
929 36
930 43
931 34
932 16
933 16
934 38
935 3
936 33
937 15
938 47
939 30
940 10
941 44
942 41
943 27
944 33
945 55
946 59
947 40
948 47
949 14
950 28
951 14
952 16
953 19
954 11
955 8
956 24
957 22
958 7
959 23
960 22
961 8
962 13
963 16
964 21
965 24
966 49
967 24
968 38
969 20
970 13
971 27
972 21
973 16
974 34
975 44
976 44
977 50
978 49
979 50
980 14
981 22
982 15
983 24
984 11
985 23
986 50
987 28
988 12
989 28
990 54
991 42
992 48
993 58
994 51
995 46
996 47
997 40
998 43
999 42
1000 43
1001 38
1002 53
1003 8
1004 25
1005 11
1006 11
1007 8
1008 19
1009 26
1010 36
1011 36
1012 22
1013 17
1014 52
1015 12
1016 10
1017 14
1018 14
1019 18
1020 16
1021 31
1022 43
1023 27
1024 36
1025 30
1026 36
1027 10
1028 30
1029 28
1030 35
1031 30
1032 27
1033 45
1034 30
1035 30
1036 40
1037 26
1038 54
1039 9
1040 36
1041 23
1042 14
1043 32
1044 39
1045 21
1046 19
1047 38
1048 48
1049 38
1050 27
1051 32
1052 31
1053 43
1054 43
1055 23
1056 40
1057 17
1058 14
1059 12
1060 6
1061 45
1062 38
1063 20
1064 39
1065 11
1066 5
1067 21
1068 46
1069 18
1070 19
1071 33
1072 36
1073 53
1074 3
1075 43
1076 45
1077 23
1078 23
1079 21
1080 31
1081 34
1082 58
1083 42
1084 45
1085 29
1086 43
1087 18
1088 44
1089 33
1090 48
1091 41
1092 49
1093 49
1094 37
1095 41
1096 37
1097 29
1098 39
1099 50
1100 46
1101 40
1102 41
1103 36
1104 42
1105 33
1106 28
1107 31
1108 33
1109 46
1110 45
1111 52
1112 47
1113 39
1114 36
1115 24
1116 46
1117 48
1118 40
1119 43
1120 37
1121 48
1122 65
1123 48
1124 42
1125 28
1126 42
1127 31
1128 41
1129 45
1130 25
1131 40
1132 17
1133 55
1134 22
1135 38
1136 54
1137 50
1138 55
1139 53
1140 48
1141 51
1142 34
1143 25
1144 29
1145 15
1146 43
1147 41
1148 15
1149 34
1150 29
1151 19
1152 20
1153 41
1154 48
1155 41
1156 47
1157 10
1158 30
1159 36
1160 18
1161 27
1162 17
1163 31
1164 19
1165 13
1166 22
1167 12
1168 37
1169 46
1170 33
1171 37
1172 25
1173 18
1174 29
1175 38
1176 52
1177 35
1178 45
1179 42
1180 33
1181 16
1182 42
1183 52
1184 44
1185 45
1186 41
1187 42
1188 43
1189 33
1190 37
1191 41
1192 38
1193 43
1194 26
1195 10
1196 6
1197 25
1198 47
1199 43
1200 6
1201 9
1202 7
1203 44
1204 55
1205 38
1206 60
1207 16
1208 45
1209 12
1210 21
1211 17
1212 47
1213 39
1214 65
1215 29
1216 17
1217 20
1218 36
1219 42
1220 9
1221 26
1222 33
1223 44
1224 24
1225 31
1226 17
1227 46
1228 37
1229 35
1230 12
1231 28
1232 36
1233 45
1234 53
1235 32
1236 50
1237 43
1238 35
1239 26
1240 40
1241 54
1242 51
1243 72
1244 41
1245 38
1246 43
1247 27
1248 57
1249 37
1250 47
1251 42
1252 46
1253 42
1254 42
1255 20
1256 11
1257 27
1258 19
1259 15
1260 51
1261 43
1262 4
1263 45
1264 49
1265 49
1266 44
1267 47
1268 44
1269 40
1270 18
1271 61
1272 37
1273 57
1274 40
1275 40
1276 41
1277 38
1278 40
1279 54
1280 66
1281 52
1282 40
1283 32
1284 57
1285 47
1286 51
1287 42
1288 43
1289 39
1290 37
1291 53
1292 27
1293 17
1294 43
1295 33
1296 47
1297 45
1298 13
1299 32
1300 21
1301 51
1302 12
1303 26
1304 21
1305 25
1306 32
1307 28
1308 23
1309 30
1310 42
1311 21
1312 35
1313 42
1314 33
1315 35
1316 34
1317 57
1318 41
1319 39
1320 45
1321 60
1322 55
1323 62
1324 49
1325 53
1326 40
1327 63
1328 33
1329 24
1330 52
1331 46
1332 22
1333 33
1334 22
1335 20
1336 22
1337 24
1338 47
1339 50
1340 45
1341 38
1342 41
1343 54
1344 45
1345 23
1346 24
1347 48
1348 38
1349 50
1350 33
1351 15
1352 43
1353 42
1354 43
1355 15
1356 46
1357 41
1358 35
1359 22
1360 66
1361 24
1362 24
1363 23
1364 31
1365 32
1366 12
1367 24
1368 39
1369 42
1370 62
1371 43
1372 40
1373 42
1374 54
1375 23
1376 66
1377 22
1378 43
1379 51
1380 46
1381 51
1382 57
1383 39
1384 45
1385 44
1386 70
1387 32
1388 48
1389 52
1390 48
1391 49
1392 35
1393 36
1394 41
1395 24
1396 35
1397 38
1398 50
1399 31
1400 32
1401 27
1402 20
1403 49
1404 52
1405 57
1406 36
1407 41
1408 25
1409 16
1410 17
1411 27
1412 35
1413 32
1414 28
1415 20
1416 48
1417 39
1418 25
1419 41
1420 37
1421 36
1422 31
1423 40
1424 34
1425 42
1426 37
1427 44
1428 33
1429 32
1430 36
1431 38
1432 29
1433 49
1434 46
1435 44
1436 49
1437 46
1438 50
1439 45
1440 49
1441 33
1442 3
1443 26
1444 48
1445 30
1446 31
1447 23
1448 29
1449 55
1450 39
1451 30
1452 15
1453 26
1454 22
1455 9
1456 43
1457 43
1458 14
1459 29
1460 24
1461 41
1462 53
1463 37
1464 19
1465 45
1466 34
1467 31
1468 41
1469 40
1470 19
1471 18
1472 18
1473 9
1474 11
1475 14
1476 12
1477 15
1478 38
1479 38
1480 31
1481 42
1482 24
1483 16
1484 15
1485 46
1486 34
1487 38
1488 35
1489 27
1490 36
1491 34
1492 31
1493 50
1494 36
1495 43
1496 33
1497 27
1498 38
1499 53
1500 53
1501 30
1502 46
1503 33
1504 15
1505 47
1506 30
1507 24
1508 29
1509 41
1510 30
1511 44
1512 36
1513 41
1514 40
1515 45
1516 50
1517 50
1518 31
1519 36
1520 28
1521 23
1522 50
1523 28
1524 9
1525 33
1526 25
1527 11
1528 7
1529 40
1530 25
1531 26
1532 11
1533 14
1534 8
1535 18
1536 12
1537 24
1538 48
1539 35
1540 42
1541 33
1542 46
1543 38
1544 51
1545 21
1546 47
1547 39
1548 61
1549 21
1550 47
1551 40
1552 20
1553 26
1554 27
1555 19
1556 47
1557 49
1558 41
1559 41
1560 39
1561 29
1562 34
1563 38
1564 31
1565 31
1566 43
1567 23
1568 32
1569 21
1570 26
1571 27
1572 23
1573 10
1574 30
1575 45
1576 32
1577 15
1578 17
1579 29
1580 40
1581 35
1582 42
1583 26
1584 22
1585 14
1586 23
1587 15
1588 17
1589 27
1590 29
1591 18
1592 18
1593 9
1594 15
1595 14
1596 28
1597 28
1598 25
1599 20
1600 17
1601 16
1602 44
1603 23
1604 27
1605 46
1606 27
1607 30
1608 25
1609 9
1610 23
1611 20
1612 48
1613 16
1614 39
1615 24
1616 42
1617 55
1618 42
1619 26
1620 67
1621 31
1622 34
1623 44
1624 22
1625 54
1626 35
1627 47
1628 43
1629 14
1630 15
1631 37
1632 53
1633 63
1634 19
1635 24
1636 37
1637 40
1638 47
1639 46
1640 54
1641 30
1642 42
1643 41
1644 35
1645 15
1646 36
1647 30
1648 46
1649 39
1650 25
1651 29
1652 55
1653 38
1654 41
1655 55
1656 20
1657 30
1658 43
1659 29
1660 36
1661 38
1662 23
1663 43
1664 19
1665 47
1666 17
1667 24
1668 34
1669 41
1670 29
1671 63
1672 49
1673 47
1674 34
1675 19
1676 43
1677 32
1678 47
1679 46
1680 34
1681 37
1682 35
1683 46
1684 39
1685 34
1686 13
1687 45
1688 18
1689 24
1690 33
1691 20
1692 15
1693 14
1694 7
1695 23
1696 20
1697 43
1698 17
1699 28
1700 25
1701 38
1702 21
1703 37
1704 37
1705 33
1706 23
1707 18
1708 27
1709 32
1710 46
1711 38
1712 41
1713 42
1714 43
1715 30
1716 30
1717 47
1718 49
1719 15
1720 46
1721 32
1722 19
1723 33
1724 5
1725 43
1726 9
1727 44
1728 50
1729 48
1730 45
1731 38
1732 56
1733 39
1734 46
1735 31
1736 41
1737 45
1738 47
1739 16
1740 29
1741 39
1742 59
1743 14
1744 6
1745 9
1746 24
1747 23
1748 19
1749 4
1750 37
1751 8
1752 11
1753 27
1754 36
1755 37
1756 23
1757 34
1758 27
1759 44
1760 27
1761 46
1762 30
1763 34
1764 21
1765 26
1766 40
1767 26
1768 4
1769 21
1770 37
1771 53
1772 24
1773 30
1774 32
1775 20
1776 24
1777 39
1778 22
1779 25
1780 50
1781 20
1782 30
1783 20
1784 34
1785 6
1786 38
1787 34
1788 46
1789 25
1790 18
1791 32
1792 52
1793 33
1794 19
1795 29
1796 33
1797 20
1798 28
1799 35
1800 22
1801 28
1802 45
1803 20
1804 34
1805 19
1806 25
1807 5
1808 41
1809 35
1810 48
1811 36
1812 32
1813 49
1814 49
1815 46
1816 27
1817 15
1818 39
1819 33
1820 39
1821 58
1822 44
1823 34
1824 25
1825 58
1826 14
1827 33
1828 23
1829 48
1830 22
1831 39
1832 45
1833 45
1834 40
1835 49
1836 23
1837 35
1838 22
1839 38
1840 15
1841 21
1842 23
1843 54
1844 36
1845 15
1846 24
1847 33
1848 41
1849 44
1850 40
1851 54
1852 31
1853 17
1854 43
1855 18
1856 28
1857 38
1858 35
1859 55
1860 46
1861 45
1862 34
1863 16
1864 13
1865 4
1866 18
1867 48
1868 45
1869 25
1870 28
1871 11
1872 25
1873 38
1874 35
1875 53
1876 38
1877 29
1878 32
1879 33
1880 11
1881 41
1882 46
1883 28
1884 17
1885 60
1886 40
1887 29
1888 35
1889 32
1890 47
1891 23
1892 15
1893 39
1894 38
1895 45
1896 13
1897 42
1898 27
1899 15
1900 48
1901 24
1902 40
1903 51
1904 50
1905 28
1906 28
1907 16
1908 40
1909 19
1910 9
1911 19
1912 31
1913 34
1914 11
1915 23
1916 33
1917 7
1918 19
1919 37
1920 31
1921 13
1922 18
1923 51
1924 16
1925 26
1926 23
1927 41
1928 15
1929 34
1930 32
1931 24
1932 42
1933 38
1934 42
1935 47
1936 51
1937 53
1938 51
1939 25
1940 46
1941 46
1942 10
1943 31
1944 19
1945 45
1946 38
1947 33
1948 15
1949 37
1950 50
1951 39
1952 25
1953 21
1954 40
1955 49
1956 30
1957 22
1958 38
1959 45
1960 37
1961 45
1962 49
1963 53
1964 45
1965 49
1966 46
1967 35
1968 50
1969 52
1970 52
1971 38
1972 37
1973 47
1974 10
1975 35
1976 44
1977 37
1978 40
1979 38
1980 46
1981 48
1982 30
1983 38
1984 22
1985 15
1986 31
1987 21
1988 39
1989 34
1990 31
1991 21
1992 19
1993 20
1994 38
1995 43
1996 21
1997 24
1998 29
1999 14
2000 13
2001 23
2002 24
2003 14
2004 31
2005 33
2006 36
2007 17
2008 32
2009 28
2010 28
2011 30
2012 31
2013 7
2014 20
2015 27
2016 14
2017 45
2018 25
2019 36
2020 16
2021 40
2022 9
2023 15
2024 13
2025 13
2026 12
2027 43
2028 35
2029 36
2030 38
2031 34
2032 43
2033 38
2034 16
2035 47
2036 41
2037 37
2038 6
2039 38
2040 33
2041 41
2042 23
2043 44
2044 37
2045 21
2046 10
2047 30
2048 12
2049 23
2050 23
2051 2
2052 24
2053 12
2054 36
2055 28
2056 29
2057 36
2058 33
2059 11
2060 20
2061 34
2062 27
2063 25
2064 23
2065 16
2066 41
2067 49
2068 54
2069 54
2070 31
2071 39
2072 16
2073 7
2074 43
2075 28
2076 11
2077 39
2078 40
2079 34
2080 29
2081 31
2082 41
2083 46
2084 19
2085 21
2086 9
2087 16
2088 19
2089 12
2090 28
2091 29
2092 35
2093 15
2094 37
2095 30
2096 7
2097 22
2098 23
2099 25
2100 13
2101 39
2102 51
2103 29
2104 18
2105 13
2106 34
2107 27
2108 32
2109 19
2110 16
2111 25
2112 12
2113 13
2114 26
2115 14
2116 22
2117 18
2118 10
2119 42
2120 52
2121 56
2122 9
2123 44
2124 14
2125 13
2126 32
2127 23
2128 21
2129 43
2130 13
2131 27
2132 17
2133 47
2134 29
2135 20
2136 35
2137 18
2138 18
2139 10
2140 22
2141 19
2142 14
2143 11
2144 15
2145 31
2146 35
2147 33
2148 23
2149 16
2150 25
2151 36
2152 44
2153 32
2154 43
2155 35
2156 34
2157 56
2158 50
2159 48
2160 46
2161 23
2162 38
2163 39
2164 41
2165 50
2166 44
2167 49
2168 29
2169 25
2170 14
2171 30
2172 37
2173 15
2174 20
2175 13
2176 27
2177 10
2178 13
2179 28
2180 36
2181 17
2182 19
2183 44
2184 25
2185 48
2186 45
2187 36
2188 51
2189 46
2190 51
2191 37
2192 42
2193 45
2194 32
2195 25
2196 18
2197 39
2198 50
2199 39
2200 13
2201 55
2202 50
2203 49
2204 33
2205 36
2206 52
2207 55
2208 50
2209 29
2210 21
2211 26
2212 34
2213 38
2214 57
2215 37
2216 48
2217 41
2218 41
2219 47
2220 42
2221 37
2222 8
2223 35
2224 41
2225 36
2226 66
2227 34
2228 34
2229 37
2230 37
2231 27
2232 37
2233 21
2234 50
2235 19
2236 42
2237 26
2238 43
2239 44
2240 32
2241 51
2242 8
2243 26
2244 36
2245 16
2246 14
2247 35
2248 8
2249 45
2250 58
2251 43
2252 38
2253 13
2254 47
2255 25
2256 30
2257 30
2258 42
2259 51
2260 58
2261 41
2262 36
2263 30
2264 21
2265 18
2266 37
2267 38
2268 56
2269 14
2270 51
2271 42
2272 20
2273 36
2274 43
2275 22
2276 29
2277 22
2278 36
2279 21
2280 44
2281 29
2282 52
2283 48
2284 27
2285 18
2286 40
2287 15
2288 22
2289 21
2290 43
2291 39
2292 24
2293 33
2294 42
2295 24
2296 25
2297 27
2298 10
2299 19
2300 38
2301 29
2302 24
2303 50
2304 21
2305 32
2306 42
2307 35
2308 43
2309 54
2310 55
2311 44
2312 43
2313 16
2314 9
2315 16
2316 23
2317 23
2318 15
2319 41
2320 17
2321 5
2322 24
2323 15
2324 23
2325 15
2326 18
2327 26
2328 32
2329 5
2330 47
2331 49
2332 17
2333 51
2334 20
2335 27
2336 32
2337 24
2338 20
2339 32
2340 37
2341 33
2342 32
2343 30
2344 14
2345 43
2346 46
2347 50
2348 15
2349 33
2350 38
2351 53
2352 48
2353 50
2354 44
2355 43
2356 42
2357 46
2358 31
2359 11
2360 40
2361 27
2362 38
2363 43
2364 30
2365 23
2366 17
2367 32
2368 51
2369 40
2370 25
2371 30
2372 33
2373 50
2374 42
2375 39
2376 45
2377 44
2378 53
2379 44
2380 39
2381 46
2382 38
2383 39
2384 43
2385 39
2386 61
2387 40
2388 23
2389 45
2390 21
2391 52
2392 36
2393 10
2394 17
2395 15
2396 30
2397 39
2398 42
2399 41
2400 35
2401 42
2402 42
2403 40
2404 1
2405 24
2406 38
2407 36
2408 41
2409 38
2410 44
2411 49
2412 29
2413 31
2414 33
2415 45
2416 47
2417 46
2418 33
2419 37
2420 47
2421 39
2422 47
2423 32
2424 29
2425 23
2426 16
2427 44
2428 32
2429 41
2430 58
2431 46
2432 46
2433 37
2434 60
2435 30
2436 45
2437 28
2438 26
2439 38
2440 47
2441 57
2442 38
2443 50
2444 54
2445 51
2446 50
2447 43
2448 19
2449 17
2450 45
2451 58
2452 59
2453 56
2454 45
2455 40
2456 54
2457 34
2458 28
2459 43
2460 40
2461 38
2462 43
2463 46
2464 41
2465 36
2466 45
2467 52
2468 39
2469 37
2470 38
2471 39
2472 57
2473 31
2474 55
2475 23
2476 44
2477 50
2478 53
2479 42
2480 49
2481 37
2482 34
2483 36
2484 47
2485 15
2486 20
2487 24
2488 41
2489 32
2490 17
2491 60
2492 42
2493 20
2494 28
2495 20
2496 31
2497 47
2498 36
2499 30
2500 26
2501 46
2502 25
2503 43
2504 62
2505 30
2506 36
2507 21
2508 17
2509 57
2510 29
2511 25
2512 21
2513 16
2514 16
2515 19
2516 34
2517 10
2518 25
2519 25
2520 13
2521 33
2522 25
2523 20
2524 38
2525 21
2526 14
2527 35
2528 45
2529 22
2530 30
2531 24
2532 45
2533 38
2534 57
2535 54
2536 61
2537 25
2538 42
2539 53
2540 36
2541 53
2542 41
2543 41
2544 47
2545 48
2546 4
2547 45
2548 44
2549 51
2550 41
2551 41
2552 10
2553 19
2554 14
2555 17
2556 25
2557 6
2558 25
2559 13
2560 47
2561 8
2562 25
2563 21
2564 34
2565 44
2566 36
2567 48
2568 24
2569 48
2570 22
2571 23
2572 33
2573 13
2574 43
2575 24
2576 42
2577 34
2578 23
2579 21
2580 35
2581 35
2582 19
2583 45
2584 2
2585 5
2586 49
2587 14
2588 25
2589 24
2590 25
2591 12
2592 45
2593 15
2594 44
2595 49
2596 24
2597 40
2598 33
2599 17
2600 36
2601 38
2602 37
2603 46
2604 43
2605 44
2606 46
2607 58
2608 33
2609 41
2610 41
2611 43
2612 45
2613 41
2614 32
2615 34
2616 25
2617 20
2618 39
2619 37
2620 24
2621 34
2622 11
2623 43
2624 27
2625 37
2626 31
2627 35
2628 46
2629 38
2630 40
2631 40
2632 47
2633 31
2634 45
2635 53
2636 58
2637 34
2638 37
2639 51
2640 38
2641 37
2642 41
2643 19
2644 24
2645 19
2646 39
2647 40
2648 26
2649 31
2650 23
2651 25
2652 25
2653 33
2654 13
2655 40
2656 26
2657 23
2658 29
2659 16
2660 18
2661 20
2662 27
2663 22
2664 22
2665 10
2666 20
2667 19
2668 29
2669 27
2670 25
2671 46
2672 25
2673 12
2674 43
2675 35
2676 27
2677 36
2678 39
2679 19
2680 30
2681 41
2682 44
2683 43
2684 34
2685 50
2686 32
2687 31
2688 18
2689 31
2690 21
2691 18
2692 21
2693 21
2694 30
2695 25
2696 23
2697 28
2698 20
2699 17
2700 15
2701 25
2702 23
2703 60
2704 44
2705 29
2706 30
2707 42
2708 42
2709 28
2710 30
2711 10
2712 45
2713 31
2714 16
2715 22
2716 25
2717 22
2718 41
2719 49
2720 22
2721 34
2722 26
2723 31
2724 28
2725 9
2726 25
2727 42
2728 32
2729 33
2730 19
2731 47
2732 32
2733 29
2734 19
2735 28
2736 12
2737 51
2738 15
2739 34
2740 21
2741 17
2742 19
2743 37
2744 31
2745 14
2746 17
2747 23
2748 45
2749 13
2750 31
2751 9
2752 10
2753 52
2754 42
2755 35
2756 49
2757 36
2758 26
2759 23
2760 39
2761 48
2762 37
2763 37
2764 21
2765 31
2766 38
2767 31
2768 38
2769 59
2770 45
2771 39
2772 49
2773 38
2774 40
2775 46
2776 48
2777 39
2778 57
2779 45
2780 3
2781 45
2782 23
2783 32
2784 6
2785 35
2786 9
2787 16
2788 15
2789 5
2790 6
2791 18
2792 19
2793 33
2794 25
2795 29
2796 19
2797 25
2798 11
2799 34
2800 13
2801 21
2802 15
2803 45
2804 21
2805 7
2806 21
2807 22
2808 21
2809 18
2810 9
2811 22
2812 4
2813 16
2814 37
2815 14
2816 28
2817 22
2818 35
2819 10
2820 37
2821 37
2822 10
2823 21
2824 39
2825 41
2826 11
2827 29
2828 29
2829 38
2830 47
2831 48
2832 33
2833 19
2834 49
2835 31
2836 52
2837 42
2838 41
2839 33
2840 40
2841 45
2842 49
2843 18
2844 24
2845 21
2846 50
2847 23
2848 20
2849 21
2850 44
2851 54
2852 36
2853 44
2854 34
2855 48
2856 48
2857 47
2858 35
2859 59
2860 45
2861 40
2862 39
2863 36
2864 44
2865 35
2866 46
2867 49
2868 51
2869 20
2870 25
2871 31
2872 47
2873 36
2874 34
2875 43
2876 48
2877 39
2878 37
2879 21
2880 33
2881 51
2882 36
2883 36
2884 19
2885 25
2886 26
2887 46
2888 34
2889 35
2890 47
2891 43
2892 43
2893 41
2894 39
2895 45
2896 16
2897 46
2898 40
2899 22
2900 47
2901 49
2902 41
2903 12
2904 19
2905 26
2906 44
2907 16
2908 32
2909 35
2910 19
2911 16
2912 21
2913 54
2914 44
2915 33
2916 27
2917 29
2918 16
2919 31
2920 52
2921 33
2922 27
2923 48
2924 38
2925 37
2926 23
2927 17
2928 33
2929 48
2930 29
2931 39
2932 32
2933 24
2934 23
2935 13
2936 25
2937 24
2938 6
2939 12
2940 8
2941 9
2942 35
2943 12
2944 18
2945 37
2946 33
2947 22
2948 11
2949 38
2950 11
2951 29
2952 26
2953 23
2954 10
2955 22
2956 30
2957 31
2958 19
2959 10
2960 39
2961 17
2962 50
2963 36
2964 40
2965 40
2966 46
2967 28
2968 13
2969 21
2970 38
2971 51
2972 26
2973 50
2974 51
2975 27
2976 25
2977 30
2978 48
2979 29
2980 19
2981 29
2982 39
2983 24
2984 18
2985 33
2986 34
2987 25
2988 37
2989 30
2990 30
2991 19
2992 22
2993 16
2994 7
2995 29
2996 6
2997 17
2998 40
2999 15
3000 22
3001 19
3002 29
3003 16
3004 7
3005 7
3006 16
3007 9
3008 37
3009 13
3010 12
3011 9
3012 35
3013 57
3014 32
3015 29
3016 14
3017 39
3018 46
3019 40
3020 40
3021 31
3022 50
3023 32
3024 20
3025 30
3026 15
3027 11
3028 31
3029 14
3030 44
3031 41
3032 16
3033 48
3034 20
3035 10
3036 37
3037 43
3038 4
3039 28
3040 35
3041 33
3042 40
3043 4
3044 14
3045 31
3046 12
3047 27
3048 8
3049 25
3050 29
3051 17
3052 28
3053 40
3054 35
3055 13
3056 36
3057 30
3058 35
3059 39
3060 30
3061 35
3062 26
3063 12
3064 43
3065 15
3066 19
3067 20
3068 37
3069 32
3070 30
3071 36
3072 21
3073 17
3074 15
3075 27
3076 16
3077 22
3078 13
3079 14
3080 14
3081 17
3082 32
3083 27
3084 33
3085 23
3086 30
3087 12
3088 21
3089 28
3090 35
3091 22
3092 44
3093 18
3094 41
3095 44
3096 35
3097 17
3098 14
3099 50
3100 27
3101 22
3102 40
3103 20
3104 28
3105 15
3106 28
3107 31
3108 21
3109 37
3110 46
3111 54
3112 23
3113 33
3114 31
3115 30
3116 22
3117 34
3118 30
3119 25
3120 20
3121 14
3122 40
3123 45
3124 28
3125 35
3126 20
3127 25
3128 32
3129 43
3130 22
3131 37
3132 1
3133 17
3134 6
3135 27
3136 29
3137 18
3138 18
3139 15
3140 34
3141 13
3142 2
3143 13
3144 14
3145 44
3146 26
3147 22
3148 10
3149 32
3150 15
3151 40
3152 35
3153 18
3154 35
3155 19
3156 22
3157 20
3158 43
3159 43
3160 44
3161 44
3162 45
3163 52
3164 52
3165 40
3166 46
3167 36
3168 33
3169 48
3170 50
3171 49
3172 42
3173 37
3174 40
3175 39
3176 46
3177 37
3178 14
3179 37
3180 10
3181 20
3182 23
3183 27
3184 28
3185 16
3186 15
3187 16
3188 28
3189 12
3190 14
3191 13
3192 28
3193 21
3194 22
3195 33
3196 43
3197 38
3198 10
3199 33
3200 12
3201 15
3202 24
3203 15
3204 19
3205 18
3206 11
3207 19
3208 18
3209 9
3210 22
3211 16
3212 20
3213 36
3214 35
3215 4
3216 17
3217 43
3218 33
3219 18
3220 32
3221 43
3222 40
3223 26
3224 23
3225 24
3226 16
3227 51
3228 41
3229 54
3230 11
3231 25
3232 37
3233 17
3234 7
3235 26
3236 12
3237 19
3238 6
3239 21
3240 28
3241 36
3242 14
3243 28
3244 4
3245 24
3246 24
3247 15
3248 16
3249 12
3250 14
3251 30
3252 26
3253 28
3254 18
3255 15
3256 17
3257 29
3258 18
3259 18
3260 29
3261 36
3262 34
3263 58
3264 44
3265 44
3266 27
3267 22
3268 57
3269 43
3270 26
3271 42
3272 34
3273 13
3274 37
3275 24
3276 31
3277 35
3278 32
3279 57
3280 37
3281 15
3282 34
3283 46
3284 37
3285 48
3286 41
3287 37
3288 49
3289 40
3290 38
3291 37
3292 46
3293 32
3294 38
3295 40
3296 35
3297 41
3298 32
3299 49
3300 41
3301 36
3302 44
3303 27
3304 28
3305 10
3306 44
3307 27
3308 47
3309 40
3310 45
3311 22
3312 39
3313 46
3314 31
3315 26
3316 43
3317 48
3318 50
3319 57
3320 50
3321 21
3322 26
3323 15
3324 12
3325 9
3326 13
3327 6
3328 14
3329 7
3330 9
3331 22
3332 5
3333 8
3334 38
3335 11
3336 6
3337 16
3338 7
3339 10
3340 5
3341 8
3342 26
3343 20
3344 22
3345 33
3346 35
3347 30
3348 18
3349 18
3350 8
3351 13
3352 14
3353 5
3354 5
3355 11
3356 17
3357 12
3358 24
3359 9
3360 50
3361 32
3362 4
3363 12
3364 10
3365 10
3366 8
3367 5
3368 7
3369 10
3370 16
3371 18
3372 32
3373 32
3374 39
3375 25
3376 15
3377 17
3378 6
3379 3
3380 9
3381 25
3382 30
3383 26
3384 8
3385 7
3386 34
3387 19
3388 33
3389 6
3390 15
3391 31
3392 10
3393 9
3394 4
3395 19
3396 8
3397 10
3398 6
3399 10
3400 3
3401 28
3402 5
3403 12
3404 5
3405 18
3406 8
3407 9
3408 18
3409 17
3410 11
3411 9
3412 10
3413 4
3414 7
3415 19
3416 5
3417 13
3418 9
3419 33
3420 44
3421 36
3422 48
3423 44
3424 44
3425 41
3426 25
3427 28
3428 22
3429 21
3430 42
3431 43
3432 47
3433 50
3434 47
3435 51
3436 37
3437 31
3438 38
3439 51
3440 40
3441 56
3442 40
3443 32
3444 46
3445 43
3446 45
3447 45
3448 46
3449 42
3450 47
3451 43
3452 29
3453 28
3454 27
3455 36
3456 46
3457 7
3458 30
3459 20
3460 33
3461 29
3462 16
3463 39
3464 27
3465 17
3466 15
3467 19
3468 27
3469 15
3470 21
3471 27
3472 19
3473 32
3474 16
3475 13
3476 28
3477 13
3478 30
3479 18
3480 28
3481 6
3482 25
3483 17
3484 21
3485 10
3486 12
3487 14
3488 14
3489 8
3490 46
3491 15
3492 22
3493 10
3494 9
3495 9
3496 32
3497 27
3498 24
3499 21
3500 24
3501 7
3502 11
3503 8
3504 19
3505 11
3506 3
3507 19
3508 6
3509 13
3510 33
3511 8
3512 28
3513 24
3514 16
3515 12
3516 17
3517 13
3518 8
3519 35
3520 16
3521 40
3522 50
3523 15
3524 29
3525 20
3526 33
3527 9
3528 49
3529 28
3530 10
3531 18
3532 7
3533 57
3534 17
3535 24
3536 29
3537 33
3538 29
3539 34
3540 22
3541 13
3542 18
3543 30
3544 19
3545 37
3546 30
3547 27
3548 12
3549 31
3550 38
3551 49
3552 21
3553 49
3554 42
3555 36
3556 45
3557 33
3558 27
3559 20
3560 17
3561 18
3562 9
3563 13
3564 25
3565 41
3566 16
3567 18
3568 14
3569 41
3570 44
3571 35
3572 30
3573 23
3574 20
3575 16
3576 26
3577 46
3578 34
3579 27
3580 23
3581 31
3582 54
3583 37
3584 38
3585 18
3586 37
3587 3
3588 40
3589 47
3590 47
3591 19
3592 47
3593 45
3594 25
3595 17
3596 10
3597 41
3598 33
3599 25
3600 18
3601 45
3602 23
3603 8
3604 26
3605 40
3606 23
3607 15
3608 35
3609 11
3610 30
3611 22
3612 30
3613 19
3614 28
3615 40
3616 12
3617 28
3618 17
3619 19
3620 46
3621 23
3622 18
3623 27
3624 19
3625 13
3626 14
3627 24
3628 17
3629 37
3630 24
3631 18
3632 21
3633 39
3634 16
3635 15
3636 13
3637 12
3638 16
3639 8
3640 13
3641 14
3642 13
3643 13
3644 12
3645 20
3646 19
3647 16
3648 26
3649 12
3650 7
3651 9
3652 16
3653 10
3654 17
3655 13
3656 29
3657 37
3658 36
3659 18
3660 39
3661 31
3662 43
3663 22
3664 31
3665 19
3666 42
3667 29
3668 31
3669 28
3670 22
3671 16
3672 25
3673 28
3674 11
3675 27
3676 28
3677 33
3678 37
3679 39
3680 32
3681 38
3682 18
3683 36
3684 12
3685 35
3686 31
3687 33
3688 35
3689 36
3690 44
3691 39
3692 9
3693 12
3694 20
3695 16
3696 36
3697 41
3698 45
3699 42
3700 32
3701 33
3702 39
3703 44
3704 40
3705 38
3706 37
3707 34
3708 26
3709 19
3710 38
3711 43
3712 48
3713 46
3714 44
3715 51
3716 49
3717 37
3718 33
3719 19
3720 46
3721 50
3722 56
3723 18
3724 21
3725 42
3726 46
3727 41
3728 37
3729 45
3730 46
3731 37
3732 48
3733 39
3734 37
3735 47
3736 38
3737 44
3738 57
3739 34
3740 22
3741 25
3742 35
3743 22
3744 24
3745 48
3746 43
3747 11
3748 49
3749 23
3750 38
3751 29
3752 25
3753 44
3754 39
3755 13
3756 23
3757 44
3758 26
3759 23
3760 44
3761 32
3762 47
3763 51
3764 39
3765 51
3766 24
3767 28
3768 48
3769 57
3770 45
3771 40
3772 39
3773 44
3774 38
3775 39
3776 47
3777 22
3778 18
3779 10
3780 18
3781 9
3782 24
3783 35
3784 57
3785 42
3786 53
3787 31
3788 44
3789 41
3790 42
3791 41
3792 20
3793 42
3794 22
3795 29
3796 26
3797 31
3798 45
3799 36
3800 22
3801 8
3802 16
3803 10
3804 26
3805 13
3806 15
3807 10
3808 29
3809 40
3810 13
3811 20
3812 10
3813 20
3814 36
3815 27
3816 46
3817 39
3818 47
3819 28
3820 60
3821 32
3822 15
3823 18
3824 28
3825 27
3826 22
3827 35
3828 12
3829 22
3830 1
3831 20
3832 20
3833 40
3834 44
3835 33
3836 27
3837 34
3838 32
3839 40
3840 28
3841 12
3842 15
3843 28
3844 33
3845 18
3846 18
3847 33
3848 6
3849 28
3850 42
3851 16
3852 20
3853 16
3854 51
3855 21
3856 41
3857 46
3858 36
3859 34
3860 25
3861 19
3862 46
3863 21
3864 17
3865 18
3866 42
3867 23
3868 31
3869 22
3870 23
3871 32
3872 29
3873 43
3874 21
3875 35
3876 25
3877 14
3878 23
3879 19
3880 21
3881 32
3882 23
3883 30
3884 48
3885 23
3886 27
3887 28
3888 25
3889 31
3890 31
3891 6
3892 34
3893 19
3894 38
3895 20
3896 24
3897 17
3898 33
3899 28
3900 38
3901 13
3902 10
3903 24
3904 40
3905 34
3906 15
3907 51
3908 5
3909 25
3910 31
3911 33
3912 40
3913 23
3914 57
3915 21
3916 26
3917 40
3918 45
3919 19
3920 24
3921 10
3922 17
3923 13
3924 22
3925 45
3926 43
3927 55
3928 18
3929 37
3930 34
3931 26
3932 36
3933 45
3934 33
3935 38
3936 38
3937 34
3938 15
3939 32
3940 7
3941 38
3942 22
3943 23
3944 21
3945 20
3946 34
3947 33
3948 19
3949 19
3950 26
3951 29
3952 35
3953 11
3954 17
3955 16
3956 30
3957 33
3958 7
3959 18
3960 34
3961 39
3962 56
3963 25
3964 41
3965 59
3966 27
3967 28
3968 4
3969 25
3970 10
3971 26
3972 39
3973 34
3974 16
3975 44
3976 31
3977 39
3978 22
3979 11
3980 12
3981 6
3982 9
3983 14
3984 21
3985 46
3986 37
3987 48
3988 35
3989 58
3990 39
3991 43
3992 49
3993 40
3994 39
3995 48
3996 40
3997 47
3998 32
3999 36
4000 39
4001 31
4002 40
4003 40
4004 9
4005 48
4006 19
4007 7
4008 37
4009 33
4010 28
4011 36
4012 39
4013 17
4014 38
4015 12
4016 35
4017 6
4018 57
4019 51
4020 44
4021 29
4022 56
4023 36
4024 35
4025 38
4026 21
4027 53
4028 56
4029 53
4030 38
4031 51
4032 43
4033 14
4034 15
4035 30
4036 19
4037 46
4038 36
4039 38
4040 45
4041 22
4042 13
4043 13
4044 28
4045 26
4046 40
4047 20
4048 31
4049 22
4050 14
4051 29
4052 49
4053 22
4054 30
4055 16
4056 32
4057 26
4058 30
4059 44
4060 8
4061 7
4062 44
4063 21
4064 18
4065 40
4066 59
4067 47
4068 20
4069 8
4070 12
4071 50
4072 11
4073 15
4074 16
4075 22
4076 16
4077 22
4078 26
4079 29
4080 27
4081 13
4082 15
4083 8
4084 39
4085 51
4086 18
4087 33
4088 14
4089 24
4090 40
4091 14
4092 21
4093 25
4094 17
4095 29
4096 42
4097 29
4098 10
4099 22
4100 18
4101 18
4102 28
4103 32
4104 28
4105 40
4106 30
4107 46
4108 38
4109 38
4110 7
4111 22
4112 24
4113 30
4114 21
4115 35
4116 35
4117 33
4118 5
4119 8
4120 11
4121 25
4122 16
4123 39
4124 36
4125 28
4126 39
4127 50
4128 26
4129 32
4130 23
4131 32
4132 20
4133 48
4134 48
4135 40
4136 15
4137 59
4138 46
4139 22
4140 25
4141 38
4142 33
4143 29
4144 10
4145 43
4146 11
4147 11
4148 40
4149 27
4150 41
4151 12
4152 37
4153 38
4154 47
4155 53
4156 41
4157 59
4158 12
4159 23
4160 34
4161 16
4162 40
4163 39
4164 32
4165 41
4166 41
4167 46
4168 46
4169 52
4170 38
4171 27
4172 20
4173 9
4174 11
4175 21
4176 21
4177 38
4178 9
4179 20
4180 30
4181 45
4182 23
4183 36
4184 19
4185 27
4186 18
4187 15
4188 24
4189 24
4190 23
4191 14
4192 33
4193 32
4194 10
4195 14
4196 13
4197 15
4198 18
4199 14
4200 35
4201 36
4202 22
4203 24
4204 4
4205 49
4206 32
4207 5
4208 22
4209 16
4210 39
4211 22
4212 20
4213 13
4214 16
4215 39
4216 42
4217 27
4218 44
4219 36
4220 31
4221 18
4222 19
4223 13
4224 41
4225 61
4226 52
4227 38
4228 25
4229 38
4230 55
4231 51
4232 26
4233 42
4234 51
4235 48
4236 29
4237 17
4238 43
4239 13
4240 31
4241 40
4242 12
4243 28
4244 11
4245 41
4246 26
4247 11
4248 26
4249 22
4250 19
4251 45
4252 28
4253 23
4254 26
4255 30
4256 12
4257 23
4258 27
4259 39
4260 27
4261 15
4262 58
4263 30
4264 22
4265 18
4266 23
4267 19
4268 19
4269 24
4270 19
4271 34
4272 17
4273 40
4274 14
4275 21
4276 18
4277 10
4278 58
4279 41
4280 51
4281 51
4282 38
4283 46
4284 25
4285 28
4286 10
4287 48
4288 38
4289 35
4290 36
4291 12
4292 14
4293 36
4294 14
4295 15
4296 37
4297 25
4298 25
4299 57
4300 16
4301 33
4302 12
4303 48
4304 25
4305 25
4306 43
4307 26
4308 50
4309 32
4310 6
4311 47
4312 38
4313 16
4314 22
4315 10
4316 55
4317 46
4318 24
4319 19
4320 15
4321 7
4322 27
4323 16
4324 7
4325 19
4326 26
4327 35
4328 9
4329 37
4330 20
4331 6
4332 17
4333 25
4334 16
4335 19
4336 16
4337 19
4338 17
4339 25
4340 36
4341 27
4342 20
4343 10
4344 37
4345 47
4346 48
4347 42
4348 47
4349 35
4350 36
4351 20
4352 22
4353 19
4354 41
4355 28
4356 16
4357 34
4358 9
4359 30
4360 26
4361 33
4362 31
4363 51
4364 53
4365 52
4366 41
4367 25
4368 16
4369 35
4370 31
4371 45
4372 47
4373 40
4374 41
4375 29
4376 44
4377 40
4378 30
4379 33
4380 30
4381 20
4382 45
4383 52
4384 23
4385 20
4386 13
4387 23
4388 10
4389 7
4390 9
4391 13
4392 8
4393 28
4394 18
4395 46
4396 14
4397 18
4398 27
4399 37
4400 18
4401 29
4402 12
4403 33
4404 21
4405 35
4406 4
4407 51
4408 23
4409 48
4410 50
4411 41
4412 23
4413 49
4414 47
4415 34
4416 37
4417 52
4418 48
4419 23
4420 16
4421 7
4422 16
4423 24
4424 33
4425 26
4426 28
4427 19
4428 28
4429 16
4430 42
4431 35
4432 40
4433 30
4434 39
4435 54
4436 46
4437 38
4438 27
4439 45
4440 47
4441 45
4442 42
4443 47
4444 38
4445 9
4446 7
4447 35
4448 33
4449 10
4450 32
4451 42
4452 49
4453 41
4454 39
4455 3
4456 46
4457 4
4458 7
4459 37
4460 5
4461 50
4462 49
4463 42
4464 32
4465 26
4466 40
4467 40
4468 17
4469 12
4470 39
4471 18
4472 19
4473 20
4474 34
4475 20
4476 21
4477 23
4478 19
4479 30
4480 14
4481 13
4482 11
4483 12
4484 13
4485 14
4486 6
4487 24
4488 39
4489 7
4490 47
4491 34
4492 13
4493 27
4494 22
4495 6
4496 11
4497 30
4498 27
4499 8
4500 11
4501 27
4502 15
4503 26
4504 6
4505 22
4506 22
4507 22
4508 33
4509 16
4510 24
4511 14
4512 45
4513 31
4514 12
4515 14
4516 46
4517 37
4518 44
4519 36
4520 43
4521 41
4522 41
4523 43
4524 50
4525 53
4526 51
4527 36
4528 49
4529 24
4530 12
4531 28
4532 41
4533 13
4534 12
4535 32
4536 37
4537 21
4538 8
4539 23
4540 42
4541 52
4542 41
4543 40
4544 53
4545 53
4546 18
4547 16
4548 47
4549 48
4550 37
4551 47
4552 41
4553 43
4554 44
4555 48
4556 44
4557 7
4558 46
4559 3
4560 9
4561 35
4562 4
4563 53
4564 10
4565 6
4566 20
4567 11
4568 7
4569 8
4570 19
4571 34
4572 42
4573 50
4574 39
4575 50
4576 55
4577 41
4578 22
4579 39
4580 34
4581 32
4582 49
4583 38
4584 26
4585 23
4586 25
4587 36
4588 35
4589 35
4590 27
4591 20
4592 12
4593 19
4594 18
4595 29
4596 16
4597 40
4598 32
4599 33
4600 42
4601 14
4602 32
4603 42
4604 23
4605 23
4606 46
4607 39
4608 40
4609 39
4610 33
4611 46
4612 15
4613 32
4614 14
4615 26
4616 18
4617 16
4618 27
4619 48
4620 18
4621 31
4622 23
4623 22
4624 26
4625 27
4626 26
4627 14
4628 39
4629 28
4630 10
4631 25
4632 9
4633 37
4634 9
4635 23
4636 40
4637 45
4638 47
4639 17
4640 15
4641 44
4642 26
4643 27
4644 20
4645 9
4646 11
4647 11
4648 48
4649 20
4650 27
4651 39
4652 44
4653 46
4654 43
4655 45
4656 37
4657 39
4658 36
4659 39
4660 40
4661 48
4662 38
4663 48
4664 30
4665 17
4666 35
4667 47
4668 37
4669 48
4670 47
4671 48
4672 47
4673 31
4674 50
4675 44
4676 49
4677 37
4678 45
4679 39
4680 48
4681 35
4682 50
4683 45
4684 34
4685 19
4686 27
4687 19
4688 30
4689 21
4690 15
4691 11
4692 43
4693 13
4694 12
4695 11
4696 40
4697 8
4698 27
4699 11
4700 11
4701 14
4702 6
4703 9
4704 6
4705 12
4706 31
4707 58
4708 24
4709 36
4710 30
4711 30
4712 51
4713 40
4714 15
4715 38
4716 36
4717 35
4718 28
4719 50
4720 28
4721 44
4722 56
4723 7
4724 39
4725 4
4726 7
4727 31
4728 46
4729 50
4730 24
4731 28
4732 22
4733 18
4734 36
4735 47
4736 45
4737 38
4738 43
4739 51
4740 44
4741 45
4742 28
4743 18
4744 10
4745 19
4746 21
4747 27
4748 6
4749 16
4750 33
4751 22
4752 25
4753 9
4754 24
4755 39
4756 3
4757 15
4758 25
4759 5
4760 34
4761 6
4762 30
4763 5
4764 30
4765 14
4766 6
4767 12
4768 13
4769 11
4770 30
4771 12
4772 15
4773 13
4774 7
4775 19
4776 17
4777 26
4778 63
4779 54
4780 56
4781 49
4782 43
4783 39
4784 44
4785 29
4786 44
4787 42
4788 36
4789 10
4790 38
4791 47
4792 36
4793 44
4794 36
4795 42
4796 34
4797 33
4798 32
4799 43
4800 41
4801 41
4802 50
4803 42
4804 45
4805 40
4806 43
4807 43
4808 45
4809 45
4810 6
4811 49
4812 5
4813 6
4814 37
4815 6
4816 51
4817 49
4818 56
4819 42
4820 36
4821 32
4822 41
4823 35
4824 45
4825 40
4826 36
4827 37
4828 36
4829 35
4830 11
4831 44
4832 49
4833 33
4834 42
4835 38
4836 40
4837 35
4838 32
4839 33
4840 31
4841 45
4842 10
4843 6
4844 30
4845 45
4846 32
4847 50
4848 22
4849 34
4850 47
4851 51
4852 43
4853 39
4854 44
4855 41
4856 44
4857 42
4858 40
4859 35
4860 29
4861 49
4862 25
4863 38
4864 39
4865 38
4866 54
4867 48
4868 26
4869 50
4870 17
4871 18
4872 24
4873 15
4874 24
4875 21
4876 26
4877 19
4878 38
4879 27
4880 40
4881 32
4882 17
4883 42
4884 51
4885 18
4886 25
4887 45
4888 44
4889 30
4890 47
4891 27
4892 8
4893 38
4894 25
4895 11
4896 6
4897 47
4898 33
4899 39
4900 53
4901 19
4902 18
4903 19
4904 16
4905 36
4906 35
4907 60
4908 51
4909 17
4910 26
4911 21
4912 44
4913 15
4914 44
4915 46
4916 25
4917 34
4918 37
4919 33
4920 50
4921 15
4922 24
4923 38
4924 42
4925 40
4926 36
4927 36
4928 32
4929 10
4930 39
4931 11
4932 42
4933 28
4934 35
4935 31
4936 25
4937 25
4938 25
4939 18
4940 45
4941 6
4942 27
4943 34
4944 14
4945 12
4946 26
4947 18
4948 10
4949 15
4950 27
4951 26
4952 23
4953 15
4954 8
4955 39
4956 34
4957 24
4958 42
4959 35
4960 43
4961 38
4962 36
4963 36
4964 29
4965 49
4966 51
4967 44
4968 39
4969 32
4970 37
4971 25
4972 37
4973 29
4974 21
4975 13
4976 6
4977 21
4978 19
4979 34
4980 17
4981 20
4982 40
4983 45
4984 45
4985 47
4986 46
4987 22
4988 18
4989 28
4990 22
4991 17
4992 23
4993 9
4994 34
4995 9
4996 25
4997 37
4998 23
4999 31
5000 21
