235840
76509
187021
47731
173904
237261
213340
22473
127325
211613
48286
100961
184863
230826
121500
70960
230517
85638
62658
213667
119158
26655
217532
50070
124961
194453
174587
64023
235257
23154
17207
19528
160535
10300
51234
170045
175030
191952
131233
161455
199129
112554
131169
16062
206504
187216
68511
107038
70282
62444
92159
238152
113251
57563
182218
112891
96008
100387
33204
129553
217029
77175
36979
70237
200094
176426
144891
189639
196975
172299
101728
150590
160612
171628
199554
122773
97015
126383
41333
35291
154420
80240
226688
83626
96270
233903
166213
205147
163901
155512
181945
141128
20077
239024
41546
83782
38924
33280
33292
78502
55027
32120
15181
212660
126706
26027
236040
217261
206075
8277
210795
80724
15039
8258
1873
48529
162118
238395
32869
93948
108439
238869
53008
122542
96995
209706
31892
213590
183141
63532
22733
35276
214919
128945
101527
21581
168917
218068
191655
188428
119270
22064
115089
233299
166080
73050
14742
228511
224746
65034
73910
127368
92940
163127
221334
31127
80503
58470
54067
226634
25717
153208
136394
18261
236063
178503
126593
236413
237597
136470
203002
223366
140227
166825
168528
236077
31100
91402
89714
228420
214664
16479
48846
27206
236052
137949
48683
90027
57646
54807
147640
140539
17195
41801
111626
80121
133352
31430
157281
220682
152341
99626
186197
164764
159011
199723
113907
84675
234723
199800
89091
140926
218634
68341
142824
137221
133145
228625
3264
144019
177664
44327
145201
63360
92037
225148
56707
185805
37940
149751
156961
53118
91977
110550
165043
35644
230641
155505
97719
229686
238064
44705
80085
143798
90886
168413
145397
152567
215020
135315
236108
58463
67676
48899
74825
113028
120366
86785
108813
203096
167531
153581
152781
68173
86399
30378
195234
134614
161722
197933
143047
87754
131506
138111
225010
150864
120509
144375
40827
76939
71504
143669
149227
182425
24020
79399
26057
83956
173910
56453
76347
237640
76139
76264
236080
21047
4895
58142
16158
186002
216032
141772
53935
66055
235596
191650
189963
13817
41232
76212
67007
162190
117532
134827
168201
156234
226060
125747
32166
88214
115539
26029
78459
91521
91470
143592
212097
201131
126821
192823
14294
67388
190884
221701
131127
213111
27701
130321
36794
13220
50303
151721
238164
53927
98911
200362
80588
226353
104619
126262
115855
48969
162171
40304
224237
184138
206519
210554
113726
150859
67418
208211
13160
121663
115025
187976
216629
232361
173311
100904
56088
123107
26056
19496
58984
64289
136203
61383
124510
76325
174701
121121
29905
10791
105956
139248
148857
28450
90707
205836
7333
39241
135928
59956
71621
168827
199734
221773
171260
30523
201032
189973
76339
127845
213908
186372
82385
177502
203336
141511
129956
102180
37557
161269
77006
188652
53035
132269
41699
105830
118047
190418
236111
30742
9476
96597
18341
107559
17308
49538
170966
185372
55220
239915
193535
104302
144171
63461
85992
53427
199135
233970
224582
121189
168552
224951
92462
240360
34726
196032
198288
77671
18223
200637
12204
54506
49674
46047
169287
154741
64096
12426
140789
151270
69954
144328
83011
55223
227656
53012
158104
126228
65330
41448
13605
146725
186532
97192
145624
46553
55909
6263
147507
12806
18634
225447
68252
127086
113982
129468
203628
130459
57239
80056
93688
44107
130699
219790
162198
146994
26283
127387
97252
23940
127042
58238
50755
73297
145616
12383
200346
145021
135389
97224
113531
176096
75742
75988
198664
225072
122263
128242
63874
166154
144193
7526
127808
129733
225375
1817
220655
194482
46582
203890
201563
195194
166311
45503
184668
134909
14646
133878
169341
110210
235610
122267
89173
65813
234979
214796
94422
102253
123062
240771
222572
161541
103954
97513
100545
2557
153824
276
130611
156085
130895
47073
223325
77173
102003
87387
219071
89839
83757
46750
237048
107956
221078
72207
115710
17862
61098
17919
76661
100524
5981
30199
124962
90947
46934
39182
169991
94881
16624
4820
33208
30242
128189
185040
195205
101975
50316
201616
179567
7299
76505
207157
227452
83714
47501
53252
127661
7964
77488
70469
149183
161627
199679
7402
226036
190878
174669
92649
164164
62510
226510
152292
181316
227561
15131
117147
226753
145546
206749
160375
25288
131211
174024
223297
159432
54580
186816
176598
61295
233716
238795
228241
89280
84881
93330
106075
108882
40446
83226
180750
78879
215341
5738
108109
71891
126411
203388
118772
51525
85371
90829
12126
144530
148312
98287
238739
57057
82308
49516
194245
35497
38486
217933
204669
95373
220407
152115
69570
212920
231060
41383
85800
170497
212426
223478
182497
85584
70362
179615
89727
141384
147121
62350
63074
206714
38904
86436
231087
202268
93429
64141
181458
165072
83822
143408
105384
125750
102273
130221
233053
55194
233087
228116
237772
15114
240097
123020
74467
209065
15979
224659
202543
94248
49566
4995
160221
3584
148730
69760
134119
236694
191613
9557
26345
39865
122719
223083
39058
179515
52248
168941
55433
193596
64633
188531
27428
235597
131050
62363
114982
165065
141721
117014
209614
175536
42929
167542
135094
53587
33203
160575
145128
9240
78633
125267
138923
27845
42631
48870
224497
15351
73826
159015
135966
152889
118621
230349
229771
234039
57545
111208
13333
99379
191674
190909
122854
183904
22043
130745
144939
136041
67777
123260
114416
27564
216059
98090
20216
166263
149358
108164
65891
160240
23925
81004
77039
166880
219154
123888
27611
138580
33452
1855
33659
220833
48839
90396
70472
78587
239423
178824
201445
24963
195118
50729
203579
139944
205803
84591
19341
64661
53382
57047
236467
115929
136118
217962
93624
94019
48096
230302
165760
200334
173966
105608
91313
151909
12355
21394
182799
136236
134856
121548
54037
198610
81125
132691
136756
134245
158633
8200
12288
42682
184568
155114
235607
146437
8903
220662
58035
221030
47749
23410
48
119456
232980
235016
59078
133692
118264
216215
106444
81420
207128
15295
209227
196001
56302
132792
180006
215697
42837
42658
235558
153959
163239
149506
69607
124407
207708
72965
202042
129644
234614
113562
201028
170495
96475
97797
179165
142014
135776
3780
35429
57063
118164
26117
211986
130157
47765
210860
94921
192206
181846
188601
313
221284
153708
153992
77919
77616
83346
153312
174312
99707
158018
155136
67162
26600
122421
233827
2399
40428
108045
60279
179597
211678
238711
179214
187151
124308
220382
79464
111851
201267
50927
202446
44431
172775
42001
81964
97106
158903
78340
153338
30333
141724
234531
16173
114727
206865
29474
112866
239593
172438
192377
26038
237074
134345
154183
126345
25596
64483
125790
237814
217710
120353
29887
60232
235782
28553
233143
219118
220734
214291
77639
105553
120040
52190
213367
74890
92768
30511
95498
190452
45533
49342
172950
91578
45852
21498
78265
153728
235632
90885
146274
100219
34881
219420
201451
168038
45330
122272
195044
19906
32033
42615
61145
172054
28827
222097
184154
224809
51706
234372
235406
238300
29973
36832
58810
88453
15502
214583
80700
12963
219479
235535
202450
184917
96839
2340
149374
149817
35666
64657
107768
96946
125545
65285
37129
67804
163121
176166
218331
16982
212951
167631
89710
110690
207660
188311
155897
176725
186850
175351
233556
58977
65562
131026
224000
107813
237232
212569
105305
53696
103648
67688
38632
79894
45169
184970
87839
168200
183660
161133
152158
129
87274
4809
21216
136737
32727
36513
64982
124023
240659
115632
186866
85050
103933
103469
111944
122236
4517
54806
188019
207079
27151
12550
158310
233537
233571
113995
110916
219542
107804
26096
98607
104174
24818
126586
195466
107750
181256
87823
85775
177359
20376
76316
37015
1196
134044
63243
30850
198224
194863
192920
204189
126975
54672
2023
125218
204877
240487
31755
152764
91944
213355
106623
236552
144802
237405
8646
162496
146297
47713
163633
160679
125066
58341
117030
233338
231634
221287
59169
220677
115618
109046
2386
207096
55511
140315
230548
200962
159168
99142
193298
191830
25369
22434
21745
88251
182316
181096
42198
168436
89792
20119
76351
1238
76430
72630
140965
88946
5345
75483
67389
134823
64555
32186
31500
239659
239362
112508
219500
13520
203509
201730
201624
194793
173422
78759
152441
72685
71911
71183
34197
132258
144847
109745
87349
31665
232888
92556
32800
34006
35648
161510
62715
100748
170487
186332
232140
223472
96094
122861
118318
228748
60171
224892
851
170959
170947
217077
7371
203289
209953
25167
92040
192914
98198
48556
119983
179663
171612
169165
160042
20949
163607
188940
82094
39439
38064
10646
81264
143697
70959
45253
108895
64902
8767
32611
124573
131992
19870
61758
116064
191683
232363
19827
213770
138933
5766
33755
123169
215213
38026
58201
184419
237944
96375
125453
60335
109467
97352
232342
233040
62714
183213
91706
126032
231033
128630
218366
55152
218727
116393
214714
217890
214096
113883
67132
104515
99276
50428
201791
25026
96957
194889
193557
95508
191320
184549
184013
187138
21711
182430
44792
44145
174978
173753
175112
87332
172199
21054
20779
167533
20369
198886
18871
9522
76396
19184
149420
76728
147716
18389
72601
69152
73258
129473
15699
15054
29665
57963
231837
102588
100117
190151
168008
79049
139700
130595
129685
32457
16372
30538
66378
170680
196771
93747
165199
189479
149754
62557
107160
180147
98772
162453
50780
43901
181762
124628
84772
210723
202879
1511
33593
233925
29273
60683
233014
63571
111218
27272
26460
212750
208997
238886
235311
145712
102872
24960
202820
183750
98595
102963
196158
102027
240214
190869
215429
103047
186759
5143
89638
183539
208078
224971
5658
86530
84487
175129
10813
42314
83389
53411
160141
75119
39031
67224
77769
76365
152976
137157
157806
227479
17742
162689
140106
139703
69623
109671
167238
84500
129796
32357
129297
128384
127991
30316
240404
14978
59894
3736
232614
115027
228427
112572
222307
210223
52094
44576
172997
85264
166875
82164
80169
76562
75564
147194
145459
65953
105554
66840
66768
37048
17247
35200
62667
69553
139603
75754
230858
237711
43040
126838
112544
121893
35222
122680
173811
25641
187073
456
22
47373
93180
151119
163889
117697
115711
82053
74929
30169
238515
146271
230572
235820
60107
57585
223642
211851
28356
112382
225861
225413
117245
221651
221829
54928
27081
59450
213916
27321
220225
123685
213653
52495
209650
103409
209889
58277
207904
105545
207980
3210
205177
56271
204364
100182
199335
49962
100201
99112
240805
189174
73350
64004
92800
93023
45716
45400
32879
176824
177580
174697
174286
101963
168264
167114
82892
80580
161192
157054
20215
19333
148319
159066
75211
37426
172340
76691
71550
137653
78213
137463
191441
20070
28830
129350
128995
131864
127007
15700
126831
129284
125712
61172
15097
30180
8214
33867
158631
68832
152407
131257
70173
159398
82922
198760
7615
127678
182610
216813
198863
166308
6522
170407
47355
25217
154707
15930
125761
117538
234678
235206
16082
116523
58632
232803
231534
231650
14537
115484
66329
229143
229067
236050
112605
56699
56726
223480
220110
27676
55607
27652
109601
218498
54308
108112
53915
108152
212666
213726
106080
104553
49731
233277
105320
204923
203526
45265
105348
202536
99044
99370
198564
98457
195359
47778
47823
201119
94142
188119
94303
93145
92409
11748
182417
180809
177073
179845
178327
87444
96106
178291
173193
172894
170509
21201
82691
164903
174398
49558
151992
80673
80574
161118
156913
157243
1223
153466
153327
153554
155408
37802
149295
235758
167993
9283
135170
8232
25524
148266
61866
118012
211878
240825
179566
169934
159682
152777
235995
224230
185572
42517
79415
13670
186959
166591
184469
33978
134740
107555
207549
21142
36509
65528
127679
240622
240751
236982
118283
57572
56440
110462
106313
212257
104283
100087
91888
91472
181312
80830
161638
38944
153896
36260
71371
142711
140602
31286
235448
14699
216947
34236
123382
65532
27014
17877
64399
64031
63295
63488
125283
124090
124608
61312
3843
7607
135393
121450
63582
105430
233225
215454
46338
211769
179623
33507
30239
35982
118792
116052
235735
923
237241
21991
116720
113508
213924
114104
228365
229122
112389
112371
14017
221040
110459
218936
226886
216886
110437
110077
108781
54707
230611
221218
214121
215140
122375
213693
6605
208310
206177
204261
103523
200244
199479
200981
126585
167015
199918
192783
194443
71009
190052
93233
93324
85885
22694
11191
6806
85874
170400
167755
5235
166739
82973
82833
83781
84402
163501
89575
87344
156164
79946
1431
166371
153476
37537
140180
147949
36209
72672
5149
140715
142945
42960
34158
74518
68151
17309
29096
39295
33841
129276
129958
127499
119551
230605
126846
125844
124001
126577
9297
61037
54128
209577
117123
174099
82701
148219
180189
85076
181972
126761
48906
71341
17022
24099
20550
178105
91903
89230
88633
164126
62039
238936
238623
109998
121593
238880
117911
14628
233851
30359
238128
230987
230478
230499
63859
211929
7301
114193
228708
227363
228514
225187
224961
223415
222792
223051
112087
13835
220775
72518
27793
110380
215076
227843
225875
220162
26502
211470
26387
207538
207044
216854
51936
126752
201763
199849
199990
204621
197042
235997
194736
23913
191656
47346
188580
193693
93974
11468
22861
188153
198218
178161
83268
170873
27528
171906
11036
163549
40448
158242
159758
158338
158039
158559
151947
75021
76640
74243
76986
149306
71479
44388
141677
35436
139236
138269
137206
135548
67846
67709
134039
125118
122547
61191
121473
116201
82348
8993
118869
187134
63883
14227
159008
162205
19330
122185
222779
13876
86918
161454
77584
67378
203040
168176
167783
80768
172386
224323
218350
36151
207749
188181
99536
141640
58356
188331
117902
14703
50809
8724
53781
43094
161380
132166
25745
24245
166206
188679
184321
181856
181704
1415
181310
89588
172242
156844
38538
153825
72438
132916
34393
130564
130305
130056
64996
128810
128001
127332
126930
125944
62795
31319
124794
123613
123542
122957
122329
61136
60287
120461
240278
240112
29917
119327
119146
14757
117823
117211
234340
116436
58197
115340
57317
14242
113044
225487
28174
224602
223423
223022
27668
13488
106502
26567
211827
210546
208340
6487
51458
203861
203853
203495
200379
24570
193225
190263
95027
47361
47337
93732
186353
186038
185507
1448
46323
185288
184883
182948
181071
180156
89572
175710
174359
171383
170578
5294
166838
166797
82056
158565
157399
151431
75658
147052
36334
72227
141560
8731
139368
133172
16509
65777
131442
32731
63843
65373
130405
64939
16207
129704
64327
65329
63340
126179
63609
125590
31550
125309
31254
123373
124388
122752
122222
58
60572
200788
30244
13398
163044
137067
75055
233148
101783
123056
29936
121279
119354
119053
145181
237908
237615
237510
236172
237183
233676
117531
29791
29439
29251
234939
116871
118230
231345
14384
28519
230686
226726
111499
55725
6998
55880
223733
110986
223237
54387
6887
219765
109413
111595
109218
109143
27032
107342
13957
106317
106404
13277
106535
106056
52492
51285
205705
102809
102048
19157
100761
105412
3133
100721
204409
199829
199343
198160
201439
100159
24698
99559
194614
193270
91011
47398
191240
95009
91527
184483
23021
131718
90053
180036
178673
212181
184380
88193
87782
174983
1314
1336
21448
171496
192219
20910
20738
83230
41554
200090
183891
40746
79915
159086
19702
9740
155006
77114
38495
151147
138030
37532
77032
74628
148965
605
37208
147677
66165
4880
157958
35441
142154
140277
8740
35102
67647
135931
135058
135317
137607
240510
32569
130181
65016
51011
15990
240526
31794
126568
125701
124837
15486
61644
122608
951
31945
157136
130481
240475
30993
230793
12815
220691
107105
186247
51935
31973
26060
209402
234556
57084
25679
118996
214071
100630
232048
47351
69111
120767
124622
116478
7489
187660
88261
179823
172993
42829
173852
9433
16297
65184
16129
236053
117557
29904
236801
235527
234776
29292
233147
232720
232448
239075
227772
28442
114156
225012
223336
222835
224765
222655
221822
221353
220776
221106
55249
13732
226254
111774
218215
217932
223651
56448
108486
55700
53680
13409
53206
106116
106018
104627
208745
208286
205912
204355
101920
203935
101000
201908
12892
199458
198899
201665
198641
200665
197065
98147
196035
49081
234356
97725
48756
194733
92041
193468
193116
192941
192632
95991
91275
182841
192262
185759
189086
184319
195843
45245
176954
177215
175202
167896
175947
64889
188861
86477
86263
169155
87389
168206
173962
176705
168479
165127
87781
2431
20252
161816
148877
41037
19666
78388
155863
9273
155288
9706
151627
76402
74510
232414
36819
146580
9628
36706
145974
69646
181845
17793
141362
141983
141132
143772
136342
144821
134923
67034
66701
65265
127931
31021
124498
130782
65276
505
129411
57367
129271
504
129144
8054
32165
128341
195272
128193
130284
128730
127920
63835
127682
127565
123593
63330
126514
63025
15716
125250
127247
125170
30937
129914
124563
30460
124321
124122
123926
123700
62087
114745
124889
126343
61283
127502
121493
7836
121641
86210
5764
36765
60341
62403
30395
60048
4051
238452
32968
119742
62261
227782
105275
153297
147728
139255
63129
191837
65455
39238
47148
20115
155417
149571
3731
130654
125504
29348
116552
223299
223224
222092
203299
12271
186701
175693
164460
76169
126667
28424
107732
97459
98056
38458
36147
186597
34739
119289
195232
181362
149914
156339
237796
118826
237145
204507
184595
119012
120239
118676
234713
118467
236915
59197
238535
235775
117747
237253
29784
119421
117572
239451
237630
234539
14723
232572
7258
235664
7246
58752
233153
115586
58163
230386
57555
29067
120507
229462
229279
229255
228430
229092
113815
236032
229547
231101
226573
227896
56553
112358
226493
3505
229221
224160
56861
222947
223219
111505
222707
222455
221418
113474
221039
219862
222031
220947
54868
219018
218662
3400
220090
108808
108635
217664
53428
109837
216000
214216
214104
26916
53884
882
109730
3246
239914
13336
26461
105397
210425
210183
206318
26521
113507
209802
104857
52405
209443
13028
207736
52225
13046
104382
208045
51697
206824
103902
104057
101084
204728
204025
203540
49393
203192
201040
53403
100509
205863
208318
100308
199966
201125
100012
200579
199751
198815
203004
24737
12354
197785
98360
157490
24647
49000
195766
97603
23520
97443
189522
196661
200320
755
197425
190128
47767
47389
191984
190793
185639
94708
5826
187460
185186
183912
91272
190068
92231
203970
45324
187392
183808
184261
45441
45752
94539
183054
5719
185514
45744
180175
113631
182403
93388
89080
44537
22357
91167
22294
88518
43753
87173
22172
87572
198373
173581
173178
44500
187556
172819
174413
85817
174438
169936
84668
172160
221109
84147
170586
168098
84053
168553
166337
44606
68469
170367
166898
164845
164754
20585
164253
83279
165389
40144
166223
161755
160969
160631
162728
156740
158607
155536
154951
153644
74971
2359
4749
76778
144841
146756
4140
4806
9106
145286
71837
142534
141270
144675
139759
143548
16543
138310
69783
137681
139101
17494
138908
67966
17011
137243
20756
16841
17330
68028
75099
73908
8343
134926
153006
65787
130830
509
130667
130410
82829
130769
134624
64873
62135
64725
129269
128121
69702
128078
6615
63763
129790
127676
196672
15833
126338
222209
126665
62451
124836
124710
124845
31203
123755
135794
125012
7642
121514
30355
60660
30272
7579
121004
120750
60041
57783
120706
86583
27236
30048
145694
333
142427
227564
118039
209467
119549
53226
218009
194682
40474
144885
537
16976
136503
113349
41981
13184
130636
237861
227663
48880
22347
171040
48928
239532
219039
84043
75625
8813
212816
52533
41161
232317
104575
25108
138074
195896
189172
87721
20432
198420
38405
208259
60096
117094
237245
238736
118796
14613
119853
3706
14796
59115
118292
236606
236499
236346
235811
235371
29375
117805
233629
120823
233158
232459
3626
116011
57999
28856
115137
57461
198747
112877
199071
28930
229149
227423
226701
28337
225932
226348
124512
225332
110199
224295
223484
120084
224073
223021
110945
221436
56507
6916
27502
219166
54863
109397
6799
216991
108800
216157
107908
215625
215656
213423
215710
26437
211788
52857
211995
211090
52646
105010
209499
102770
104222
104286
106498
106191
207734
25972
52280
206894
103306
205762
203979
25544
106775
50639
100958
202147
100842
201510
210874
6281
119920
100249
200588
101251
206638
49565
24771
98747
98331
96503
51672
98319
97873
48932
194977
194675
194088
194774
981
97164
24290
193710
140849
194224
96723
193370
98463
189505
24031
48802
97446
195538
188784
187918
2934
94158
187320
187122
185912
185901
190898
184397
183926
46001
45836
181983
188274
90369
22603
179715
179608
89887
45009
116812
178692
178776
197431
164074
88356
88145
176840
187577
43760
45112
176406
173265
173097
21571
92505
43868
95163
21446
120205
21217
169275
10704
85304
83531
82696
41442
83147
175736
81687
144024
162015
40487
160583
160073
20040
83206
19873
159128
158406
158443
41914
157880
161001
39399
154433
155103
153358
153562
153071
58612
152508
150680
149466
74142
149425
150778
36341
72806
71777
143675
143385
151330
44073
18236
140247
34888
142381
139027
137987
137885
139798
67969
68168
135469
133738
133941
131862
146359
130932
65319
8096
127541
124080
30893
15369
59670
238180
7415
235935
235816
235414
234126
234108
29140
14568
29107
56895
226430
226335
223173
111029
220641
55109
217507
217087
107690
106520
26485
209938
103356
25577
25287
201588
94398
188322
186833
184905
180316
178544
178415
88861
175050
169679
166950
164871
164773
163000
161293
158570
155059
150613
18539
73917
147529
147104
145968
144498
69283
136857
136702
32956
130153
130456
32603
32554
32527
129773
64815
64758
64698
32313
266
65175
128665
128933
64437
64287
128554
63507
128226
128218
4004
64157
127838
240587
63693
8076
126849
31115
15844
31255
126739
126892
126606
63343
126440
63055
126230
32036
31464
63262
126273
31321
7873
124831
62391
124666
124659
62264
124531
125657
63341
7761
124131
15652
31297
30945
30880
30853
122899
30662
61246
122359
122276
61176
122204
7622
66106
15196
119936
60273
60709
103852
121694
198324
240452
239958
65545
239756
106727
116709
110673
80667
59846
163021
216423
114901
228731
184776
77849
135591
891
4048
227629
107843
105024
94027
125308
3642
112664
5862
20827
16946
198258
82312
3747
238630
199356
238577
171774
17166
74125
72362
119152
220943
186131
59921
68078
34021
30997
7435
463
14165
102561
195216
212251
175569
39312
66289
130906
118778
237300
115505
240870
237273
29652
236950
236638
237224
117321
118024
29441
14704
118505
234782
235402
117351
234542
60425
58564
115830
116947
233259
233210
118565
29227
63112
233331
116512
116204
129103
29009
115971
57920
232927
232031
231766
230919
230649
230616
231487
57749
230413
115105
115014
115537
229729
115713
28699
231862
229587
234113
102157
198118
114535
114410
229438
206164
221460
110969
227909
228331
8773
201525
113968
113089
227834
229108
56877
7103
227061
227075
14181
113265
227910
226449
236966
226333
226320
227007
14110
112789
112742
935
225071
224940
225818
113086
112020
225296
225762
114141
225884
57200
55784
223967
222557
27807
112035
55763
223772
110869
431
221491
55855
110447
110373
220052
55010
109583
6870
219590
54871
13707
218725
109291
56923
109307
13651
54462
6861
218375
27360
108856
217632
108789
108708
121133
216954
216099
108223
216473
216369
215662
107985
215239
107686
215288
215241
215267
27352
214870
216078
64706
214329
107143
214131
219099
54053
214792
53222
212818
53082
218729
213483
105737
6601
26462
210475
52614
211757
112127
213485
104470
52931
26429
104534
52272
104506
26119
208549
103440
210521
209375
209238
213589
207398
207665
104482
209931
12992
102986
102795
102617
205184
102476
114520
102335
25580
51450
51075
12766
203669
203518
53023
203399
204635
203237
51027
202419
101240
202372
101545
203434
202155
50266
200242
200261
205120
50628
99873
25077
24902
199161
12783
198472
197941
197797
99255
98829
199010
12326
49288
196790
97562
195589
65825
196348
196288
196048
90248
98128
131241
7669
195937
6124
195970
194216
42375
96952
24214
131191
24198
195261
193211
206112
191883
47775
96256
11823
192514
47228
47109
189492
189176
190444
187277
46763
187146
46719
149371
23351
186484
11627
189408
92067
108385
92932
183852
91910
24872
182714
45667
91202
181480
182199
182153
45569
182847
181373
90896
11328
183157
182314
86058
89824
173565
179787
180219
44812
45136
181130
89113
11147
86720
89068
177933
177961
45056
88659
177276
177203
176899
176895
5523
176582
176370
177667
175959
176940
89823
43775
175055
87888
43559
21866
86782
86544
43152
88033
173736
183189
172013
174125
85605
42437
196839
21422
179100
168668
168110
177603
85583
174080
169328
168236
169664
167681
20863
166741
83908
166690
165364
83217
166038
20850
164963
166060
82251
82071
82097
132148
172865
163226
163657
162253
162181
78
81364
40460
80265
80091
92783
159328
161264
80358
79502
79287
161165
9775
22870
39103
78977
78489
80964
38938
155713
149018
19429
157661
153259
38305
76516
75936
151857
76553
138911
150645
75296
150424
37563
150090
149707
150538
74501
150752
46502
74390
148777
148320
148020
18481
138712
146891
37224
145914
18349
145367
145129
144999
9059
146383
36359
148249
143083
142137
143536
76954
143133
143374
37504
35186
17572
71237
35261
88080
138812
35596
74631
138479
68238
135376
138128
139187
135339
8436
134914
67356
8578
68537
66672
34995
67295
33664
132118
34057
127667
129126
31334
130775
190121
32681
130608
2065
130547
101553
65294
129885
32502
16208
128984
128670
8049
250
32179
63813
130871
63525
31727
127830
63280
63155
128262
7854
125486
125010
3866
31144
123651
127793
29049
124089
15469
62117
231547
122374
61082
121568
121106
15129
14438
119440
7542
121678
33529
120119
239975
75126
99198
124363
62174
119532
121022
237516
12039
23664
169434
7617
119303
234379
121127
49496
107520
79582
186736
166609
119153
204642
128122
215296
236383
116854
226367
237957
215104
26042
234374
13057
199881
193993
185513
7205
138077
79811
19201
151556
74326
193775
132483
130386
125242
235574
226452
226249
107096
6580
198607
49409
93882
91678
179303
162885
161567
152755
140237
237659
221724
78230
236642
235671
235233
118707
234495
234381
58494
116878
234921
233495
116786
232984
116166
232412
115878
231899
115650
230902
229756
115567
57599
28797
114951
229691
57638
114920
51193
114570
114405
31525
239251
113827
3553
113791
227384
226936
3545
172315
232515
226027
222882
225118
28166
56151
13977
221690
111047
60659
222158
221745
14275
220532
101854
6864
110351
27468
219206
109290
219992
218186
218098
217053
118298
216779
215943
107992
215800
213887
213728
53376
213409
26667
53305
106610
112990
26597
52562
212554
212534
27042
105719
105728
211430
210790
211116
52695
69264
105094
104813
213278
231941
210136
208929
205198
238661
208302
209756
104086
207482
51787
51461
206027
205994
49439
102310
204585
25547
51470
101853
203213
203169
208439
25291
202073
204525
100575
218622
49921
199535
199440
199859
99592
101394
198446
12381
50102
50416
197527
198810
197827
200521
49264
57689
133286
141468
98293
203436
195774
48783
104848
194397
193555
57448
192984
191943
191661
95399
48250
190270
189606
191516
100200
188444
12072
41406
187205
93501
186444
186565
193701
188021
106203
92583
96969
180361
186047
91683
22810
91238
182141
90259
179487
174951
90072
89508
186507
82548
22267
88732
88903
92943
43857
174164
176057
177401
174990
181877
173593
172797
177367
86082
171052
171786
5331
86240
172691
170507
172673
84869
42432
84663
84289
42077
168031
167689
84632
41949
167455
21092
167179
41644
41916
86810
10422
41291
164580
82256
168345
100814
164819
226379
81242
161672
80637
160846
83444
160005
39939
20078
40232
80424
78471
158791
79314
79015
4967
157731
173484
161944
157096
9746
161426
9824
155221
154093
38541
19078
152365
76850
150162
151741
81669
149472
74600
147866
163520
73651
146170
149480
145989
73609
72340
146387
144785
35722
35873
142268
142367
35542
141466
145956
18017
8735
34989
69191
153745
137863
68930
136704
34078
68312
136214
136269
34004
135682
135478
67538
70401
134603
16907
66473
132401
66246
128572
122282
117889
115728
7229
28921
227215
54010
103711
194356
45966
81722
158011
153740
19052
150181
73845
36049
71253
32065
131621
131032
65427
130865
130780
130773
65236
132493
130375
130300
68086
65110
64973
130012
153242
32460
130691
129667
8099
49233
130020
129105
8066
31964
128979
32238
64517
8053
128962
64388
64340
16084
64987
128500
128373
65224
64149
32054
128234
63679
128139
127943
127941
127526
3980
127463
63696
2015
31908
127224
127052
63493
63486
127695
126699
126596
126520
63265
127250
126396
31611
63126
132010
63321
31598
8374
125477
125895
62924
125834
125688
125726
62746
125621
31684
126527
7883
31399
18104
126071
62656
125320
63277
62797
125110
168540
124929
124812
31198
124343
124175
15512
7753
62004
61841
123857
61938
123828
125597
30884
124392
122944
123426
61688
61675
61526
123716
61419
240384
230960
61397
61307
61213
61167
61135
122293
3839
122791
60991
30940
240280
121818
30453
15210
121705
30727
60786
30375
30335
121306
30279
122425
61665
122646
30707
61507
60519
240590
3779
30235
30328
120530
7549
121226
239628
15091
30179
120637
120685
122006
120592
120560
122148
120214
237963
30593
61333
176402
121433
61576
240063
202863
56204
119785
239528
239418
22350
2215
141325
119383
238765
29841
220832
105914
164093
51877
1055
169242
14877
238532
119226
59589
59572
238752
55698
119084
43115
119076
119716
136271
62426
125881
138435
52759
238006
231563
231173
234368
112503
111369
206498
12303
11341
118940
190777
185772
239990
122595
172588
171720
169459
20332
79768
141488
67454
128238
123177
239396
176399
173831
138309
130333
32557
64688
59625
118771
233393
115295
227389
113272
226514
224868
118719
237467
53627
218076
204337
12731
237366
96449
190566
96042
93285
164975
160182
237154
37195
144229
146090
143130
59816
122648
219623
8266
110472
8665
120485
115599
113346
237128
199345
55307
6591
213219
181652
176925
21838
87278
238578
172422
164438
158215
157365
18410
236749
7396
59137
235866
29438
14785
239550
68336
59085
236244
236299
14730
128993
236998
59225
58744
237570
117887
118300
235187
14702
235097
29344
234700
29326
117783
234386
235268
58541
29271
236456
234042
233756
233609
233590
233583
233579
119950
58365
233456
58322
116650
29168
233272
116560
233075
58602
232940
1818
116389
116402
232550
116160
29162
232148
116046
14497
232155
233047
14500
231788
57933
231662
231576
231497
57844
231439
231258
231353
14455
115602
231127
115445
230488
115277
230387
3602
3598
231164
239121
230927
229933
229879
229745
57431
28707
210754
229628
229626
3586
57510
99768
240457
24653
229354
110605
114669
229302
114543
57264
114384
28730
114198
228352
28545
228290
228236
114132
228110
57512
114023
228007
227854
199487
227949
227705
228582
113689
113750
227419
227164
226942
226683
7084
113287
226541
116328
227802
113664
28230
225898
56694
112847
28206
56407
227026
56397
225519
26
225350
113325
60248
111493
112616
112619
112512
224883
224860
14048
224823
56173
225233
56080
224411
56237
56012
223823
57082
223767
223492
224428
223495
223217
55795
223214
13939
222721
55669
111223
111285
27812
222495
111098
112100
216
222152
223445
221981
222025
27733
27723
110843
221542
55334
218057
26752
110529
220827
220660
220565
221953
220809
220178
110082
220115
219936
109928
219607
109829
219682
13792
220093
55281
218865
109360
54643
109192
110086
217197
220189
218266
54557
109086
218280
27255
218040
217784
217811
27230
108890
108875
108690
218593
217327
31630
108543
216953
216599
108294
216475
108227
6760
239566
216549
216123
7519
53955
215806
218413
216497
53895
32572
215450
215294
107644
107536
217185
214949
26867
214684
53660
53591
215080
54179
214284
214038
213819
213357
53329
53536
26701
50059
211764
210539
6656
212707
53154
53134
212142
106403
213059
213169
107220
211951
105893
105802
211556
207073
240790
105645
105565
26381
106375
211861
106058
210878
105335
210728
52774
52599
13185
52523
105531
104893
210509
209169
104923
209947
52463
26225
209804
52433
104829
6552
26197
52427
209321
209275
105063
26231
26148
210558
208794
13089
52312
52161
105685
52129
208969
26037
208243
212619
103895
51899
51805
103615
207071
207004
103463
206921
12920
103239
51917
103607
206142
103124
103880
206877
206067
205922
205827
25714
205723
51933
102735
51551
205169
3221
51230
207809
204527
205362
202210
204800
98901
14925
205821
217934
51145
102226
25727
51113
196843
102449
204222
102079
50988
101981
51361
203842
50944
202793
203660
101640
12962
50808
25357
203657
50802
202736
203258
202741
101263
101211
101525
100971
201957
202186
100951
201777
204793
201786
25161
201699
100817
101143
100675
202003
201170
100497
100512
25116
202325
50523
200576
103491
49931
52396
101656
50057
50058
198221
50016
103200
199870
199894
199873
200973
99871
99793
49865
199324
199326
199337
199307
199115
202111
198731
199232
99330
198593
198495
99930
49500
197958
198677
197903
98966
24689
98731
198745
24662
197422
200610
98491
197100
197116
98539
196995
49292
197809
196796
11800
165495
131531
49153
192608
49018
98086
195829
24412
40997
194647
48572
194158
96789
97401
24199
96856
96676
96682
96608
194254
193608
192817
192836
96412
192837
96018
198216
192457
193060
96251
6006
194698
24125
191817
47918
95327
191435
11960
191317
47813
190949
191017
95955
96197
98158
98557
95594
95232
190879
47972
190166
194096
189843
47422
94761
11874
189334
47307
47222
95140
2942
47062
188230
187927
1486
188082
94390
46885
187472
94025
94270
46826
47113
93531
93487
94907
93505
47074
47259
23291
92838
23504
46541
93021
186013
185952
185820
187947
186109
188014
94659
192383
185018
11698
46186
93612
46109
239979
184099
184126
92004
91979
45973
183564
183452
183350
91635
184390
92399
91422
91385
182459
181791
46539
181962
181841
90850
183274
181336
90658
181253
181095
45279
45267
90617
92140
180925
45436
90815
90223
11248
179963
179533
179300
85287
89628
22401
90048
178952
45116
184540
44657
178351
44163
44800
44741
177784
177679
177354
177017
44550
176813
176794
179062
88347
176510
176294
22000
177494
21959
174566
175423
178069
87628
178707
10934
174583
43634
174251
175532
174508
87773
173861
173715
86829
173832
173504
173350
173155
21769
173617
174117
177944
21543
173130
43933
86745
23161
172945
171949
172130
171548
171075
85562
85504
170708
170499
24123
85183
1330
170323
85154
86751
85079
170161
43006
21407
42250
169911
169735
169650
2642
168793
42102
10524
164
86030
167289
90349
82487
5237
185780
83718
167382
167332
42117
167225
20891
21109
41977
10420
166759
165937
172258
83760
166303
166252
41562
165826
82474
165525
165456
82699
165394
10308
41245
41259
82667
164895
164623
164608
41155
164502
172999
164356
164343
164309
165510
164185
81994
65835
159388
162960
80419
81713
163471
163515
164141
163368
163259
81652
81644
318
163163
81550
162786
162602
10153
40935
40616
162374
162654
161826
161771
80661
162847
80795
161678
36394
40388
159799
159969
10133
159802
164411
78876
39897
159393
79541
60077
158990
158792
79362
158336
79190
79142
2472
19768
79056
157808
157307
93885
78781
157556
157146
157113
156999
157539
156824
156530
157267
156398
78518
157653
19668
154734
2332
2528
155396
157849
154812
19312
154429
77466
153892
76894
153621
153975
153303
38385
76695
81826
76536
153120
19106
76349
149402
38105
156535
75689
151053
75506
75301
75107
153636
74910
163732
149820
74687
37236
73761
157606
238580
148458
148233
147990
36948
73812
18375
146256
146198
74604
85181
9243
9126
145831
72883
145392
145378
29965
566
36189
144061
35983
145052
143929
145553
74457
147888
35571
150828
140482
71466
143294
143227
71560
71486
143019
36117
72040
142635
142344
8887
71031
35509
149252
144689
141853
70139
141004
147200
140807
143410
141667
140082
141165
139639
35300
70789
34820
17430
17392
541
139809
139658
69119
69136
17204
138565
138840
137169
73484
68196
34114
136252
68132
138944
136928
135636
4231
135428
135459
136843
135564
68590
33685
135565
136000
67120
133892
4213
70042
67758
68703
133339
133202
196347
66519
132292
137133
66147
4164
132779
8245
67812
67643
8057
130046
65100
139055
65297
65220
98311
16260
129996
16990
129751
64829
7884
64645
32348
129177
64491
128235
128231
127842
127839
127683
127164
126948
63375
127212
63222
126688
31469
125822
62890
15715
3917
125468
15504
124937
124653
31310
15570
123942
61971
123300
240715
115962
122737
59947
122789
122489
60963
30480
62585
145686
121271
121073
210371
240595
123329
127945
121394
30109
60014
22981
74788
211316
114983
239208
79311
239054
112614
29812
166190
30908
188460
222673
13669
210388
103645
103204
82622
183093
20915
82869
16979
90070
173614
1871
118919
123744
230172
220288
205193
118822
182383
237450
79741
78221
131536
122640
1971
15798
30874
126471
121680
100694
74311
11753
237945
118673
58976
238037
7321
232706
232087
228845
226448
226535
224386
13924
221231
214246
110670
220017
108906
238013
213178
211166
102201
102349
50420
49289
93913
92107
179945
88991
90258
176222
168427
165275
40444
152029
240783
73327
140188
34327
68857
132532
126873
116794
113155
112180
204300
36461
64040
63971
188223
176671
80423
196710
236836
58787
237470
235224
119541
236295
226103
218314
30621
236187
103526
236092
100853
94595
194581
22572
157245
158142
19203
237620
235460
235867
135657
16776
58804
58711
457
234690
117027
234228
116989
3651
29217
58401
29176
14598
116600
116678
234294
232878
232558
58219
232661
232521
116214
29200
231494
231400
231201
114784
28630
229412
229395
227847
113926
227845
56953
233035
7093
113428
28313
113294
240043
113050
225781
56401
120693
225235
14004
226972
226375
27957
223473
223263
223319
222601
111994
111880
222127
222219
232167
221403
55303
30100
107388
109734
220988
55717
220835
13782
220247
220132
54969
54862
219316
218403
109179
54596
54937
216801
54499
26988
215401
215325
214967
215359
214842
215179
108291
54933
213996
13407
214219
106796
53374
214426
212892
209893
212725
212487
212339
106113
105840
107623
52896
52752
409
119664
235352
104478
208086
207614
207797
206716
104296
104443
206297
103069
103044
51340
208281
50132
225692
204490
50912
101419
203039
25367
50648
50613
25293
206690
201533
101565
201351
6266
100112
200564
3123
50496
49878
49755
198645
99354
199023
200027
198004
197804
49450
201517
206847
3077
135626
10790
98277
49468
192728
195621
196116
196212
48974
48680
97759
48704
97392
97346
15053
193925
193820
96707
193234
3020
119385
193252
48213
194845
191858
191399
195049
12370
60214
95032
190098
47580
188915
5902
34730
47144
94188
94179
190421
187388
187116
23267
188834
92229
184118
184340
5752
45999
45957
46527
237863
11445
11395
90946
181839
181656
45340
11324
181345
181005
181064
5942
11699
90019
44765
5578
11142
178028
88949
10523
22178
177600
88673
187434
44333
89150
178987
44023
44323
10944
21865
22046
174192
43422
87077
173991
43353
173077
172631
169061
172549
119546
209722
86606
85187
21280
42504
169723
84692
169504
86292
84993
173355
166728
165870
165588
165094
5146
215536
83695
20539
163410
74135
162727
9868
40967
38987
160145
162365
80709
627
80514
159959
79872
159549
79753
159359
39857
39765
79165
160241
4921
158894
156363
169126
39005
156318
156017
78537
38803
154659
39149
40365
77739
154353
152023
153869
151665
153345
19211
37787
18837
19228
172021
150497
151941
38660
149921
37439
149030
1183
36820
1142
74599
66341
145743
36343
144755
146562
292
144219
144242
146282
71841
156127
71320
35622
72916
70445
35157
70208
70119
144378
139791
139807
69596
69523
69458
68935
122025
137284
35693
33311
8540
8584
263
67707
135386
135413
135024
67414
134630
136157
161941
67068
134291
133711
134954
134031
240454
66255
129601
124429
57459
229748
112420
223248
212842
209749
200079
46867
174664
21827
168555
41964
80055
158603
18242
71827
137971
137565
202503
65380
129923
130569
128916
63683
126779
63363
127117
127004
31959
124651
62064
123756
30468
62603
229901
238071
239751
1843
58469
130329
116818
234483
232057
116653
